0 69362.2
1 62160.7
2 53592.6
3 46572.9
4 40312.6
5 34983.2
6 30301.1
7 26285.4
8 22772.6
9 19751.7
10 17113.8
11 14842.6
12 12860.9
13 11153.7
14 9664.69
15 8381.79
16 7262.76
17 6298.77
18 5457.74
19 4733.46
20 4101.29
21 3557.16
22 3081.95
23 2673.21
24 2315.94
25 2008.93
26 1740.3
27 1509.74
28 1307.73
29 1134.6
30 982.663
31 852.687
32 738.39
33 640.832
34 554.828
35 481.624
36 416.89
37 361.978
38 313.236
39 272.064
40 235.346
41 204.492
42 176.816
43 153.711
44 132.835
45 115.547
46 99.787
47 86.8654
48 74.9544
49 65.3095
50 56.2954
51 49.1088
52 42.2755
53 36.9325
54 31.7416
55 27.7806
56 23.8272
57 20.9016
58 17.8812
59 15.7308
60 13.4143
61 11.8437
62 10.0588
63 8.92148
64 7.53828
65 6.72439
66 5.64527
67 5.0723
68 4.2237
69 3.82985
70 3.15633
71 2.8953
72 2.35507
73 2.1922
74 1.75372
75 1.66307
76 1.30256
77 1.26473
78 0.964202
79 0.964736
80 0.710573
81 0.738678
82 0.520573
83 0.568223
84 0.37835
85 0.439588
86 0.271997
87 0.342415
88 0.192568
89 0.268915
90 0.133341
91 0.213232
92 0.0892682
93 0.170965
94 0.0565592
95 0.138804
96 0.0323662
97 0.114259
98 0.0145513
99 0.0954592
100 0.00150939
101 0.0809952
102 -0.00796428
103 0.0698077
104 -0.0147738
105 0.0610989
106 -0.0195973
107 0.0542684
108 -0.0229434
109 0.0488639
110 -0.0251932
111 0.0445445
112 -0.0266324
113 0.0410533
114 -0.0274745
115 0.0381962
116 -0.0278796
117 0.0358269
118 -0.0279669
119 0.0338344
120 -0.0278255
121 0.0321349
122 -0.0275218
123 0.0306648
124 -0.027105
125 0.0293758
126 -0.0266116
127 0.0282309
128 -0.0260685
129 0.0272021
130 -0.0254956
131 0.0262678
132 -0.0249073
133 0.0254112
134 -0.0243141
135 0.0246196
136 -0.0237235
137 0.0238829
138 -0.0231407
139 0.0231932
140 -0.0225695
141 0.0225443
142 -0.0220123
143 0.0219313
144 -0.0214706
145 0.0213501
146 -0.0209455
147 0.0207976
148 -0.0204372
149 0.0202709
150 -0.0199461
151 0.019768
152 -0.0194718
153 0.0192869
154 -0.0190141
155 0.018826
156 -0.0185727
157 0.0183838
158 -0.0181469
159 0.0179593
160 -0.0177363
161 0.0175512
162 -0.0173404
163 0.0171587
164 -0.0169585
165 0.0167809
166 -0.01659
167 0.0164169
168 -0.0162345
169 0.0160661
170 -0.0158914
171 0.0157278
172 -0.0155601
173 0.0154014
174 -0.0152402
175 0.0150863
176 -0.0149311
177 0.014782
178 -0.0146324
179 0.014488
180 -0.0143437
181 0.0142038
182 -0.0140645
183 0.013929
184 -0.0137945
185 0.0136632
186 -0.0135332
187 0.013406
188 -0.0132802
189 0.0131571
190 -0.0130353
191 0.012916
192 -0.0127981
193 0.0126825
194 -0.0125683
195 0.0124562
196 -0.0123456
197 0.0122369
198 -0.0121297
199 0.0120243
200 -0.0119204
201 0.0118181
202 -0.0117173
203 0.0116181
204 -0.0115203
205 0.011424
206 -0.0113291
207 0.0112356
208 -0.0111435
209 0.0110527
210 -0.0109633
211 0.0108751
212 -0.0107882
213 0.0107026
214 -0.0106182
215 0.010535
216 -0.0104529
217 0.0103721
218 -0.0102923
219 0.0102137
220 -0.0101362
221 0.0100597
222 -0.00998433
223 0.00990998
224 -0.00983665
225 0.00976433
226 -0.00969299
227 0.00962261
228 -0.00955319
229 0.00948471
230 -0.00941714
231 0.00935047
232 -0.0092847
233 0.0092198
234 -0.00915575
235 0.00909255
236 -0.00903018
237 0.00896862
238 -0.00890787
239 0.00884791
240 -0.00878872
241 0.0087303
242 -0.00867263
243 0.00861569
244 -0.00855949
245 0.008504
246 -0.00844921
247 0.00839512
248 -0.00834171
249 0.00828897
250 -0.00823689
251 0.00818546
252 -0.00813467
253 0.00808451
254 -0.00803497
255 0.00798604
256 -0.00793772
257 0.00788999
258 -0.00784284
259 0.00779626
260 -0.00775025
261 0.0077048
262 -0.0076599
263 0.00761554
264 -0.00757172
265 0.00752842
266 -0.00748563
267 0.00744336
268 -0.00740159
269 0.00736031
270 -0.00731953
271 0.00727922
272 -0.00723939
273 0.00720003
274 -0.00716113
275 0.00712268
276 -0.00708468
277 0.00704712
278 -0.00701
279 0.00697331
280 -0.00693704
281 0.0069012
282 -0.00686576
283 0.00683073
284 -0.0067961
285 0.00676187
286 -0.00672802
287 0.00669457
288 -0.00666149
289 0.00662879
290 -0.00659645
291 0.00656449
292 -0.00653288
293 0.00650163
294 -0.00647073
295 0.00644018
296 -0.00640997
297 0.00638009
298 -0.00635055
299 0.00632134
300 -0.00629246
301 0.00626389
302 -0.00623564
303 0.00620771
304 -0.00618008
305 0.00615276
306 -0.00612574
307 0.00609902
308 -0.00607259
309 0.00604646
310 -0.00602061
311 0.00599504
312 -0.00596975
313 0.00594474
314 -0.00592001
315 0.00589554
316 -0.00587134
317 0.00584741
318 -0.00582373
319 0.00580031
320 -0.00577715
321 0.00575424
322 -0.00573158
323 0.00570917
324 -0.00568699
325 0.00566506
326 -0.00564337
327 0.00562191
328 -0.00560068
329 0.00557969
330 -0.00555892
331 0.00553838
332 -0.00551805
333 0.00549795
334 -0.00547807
335 0.0054584
336 -0.00543894
337 0.0054197
338 -0.00540066
339 0.00538183
340 -0.00536321
341 0.00534478
342 -0.00532656
343 0.00530853
344 -0.0052907
345 0.00527306
346 -0.00525561
347 0.00523836
348 -0.00522129
349 0.0052044
350 -0.0051877
351 0.00517119
352 -0.00515485
353 0.00513869
354 -0.00512271
355 0.0051069
356 -0.00509127
357 0.00507581
358 -0.00506052
359 0.0050454
360 -0.00503044
361 0.00501565
362 -0.00500102
363 0.00498656
364 -0.00497225
365 0.00495811
366 -0.00494412
367 0.00493029
368 -0.00491662
369 0.00490309
370 -0.00488972
371 0.0048765
372 -0.00486343
373 0.00485051
374 -0.00483773
375 0.0048251
376 -0.00481262
377 0.00480028
378 -0.00478808
379 0.00477601
380 -0.00476409
381 0.00475231
382 -0.00474067
383 0.00472916
384 -0.00471778
385 0.00470654
386 -0.00469544
387 0.00468446
388 -0.00467361
389 0.0046629
390 -0.00465231
391 0.00464185
392 -0.00463151
393 0.00462131
394 -0.00461122
395 0.00460126
396 -0.00459143
397 0.00458171
398 -0.00457212
399 0.00456264
400 -0.00455328
401 0.00454405
402 -0.00453493
403 0.00452593
404 -0.00451704
405 0.00450827
406 -0.00449961
407 0.00449107
408 -0.00448264
409 0.00447432
410 -0.00446611
411 0.00445802
412 -0.00445003
413 0.00444215
414 -0.00443438
415 0.00442672
416 -0.00441916
417 0.00441171
418 -0.00440437
419 0.00439713
420 -0.00439
421 0.00438297
422 -0.00437604
423 0.00436921
424 -0.00436249
425 0.00435587
426 -0.00434935
427 0.00434293
428 -0.00433661
429 0.00433039
430 -0.00432427
431 0.00431824
432 -0.00431232
433 0.00430649
434 -0.00430075
435 0.00429512
436 -0.00428958
437 0.00428413
438 -0.00427878
439 0.00427352
440 -0.00426836
441 0.00426329
442 -0.00425831
443 0.00425343
444 -0.00424864
445 0.00424394
446 -0.00423933
447 0.00423481
448 -0.00423039
449 0.00422605
450 -0.00422181
451 0.00421765
452 -0.00421358
453 0.0042096
454 -0.00420571
455 0.00420191
456 -0.0041982
457 0.00419457
458 -0.00419103
459 0.00418758
460 -0.00418422
461 0.00418094
462 -0.00417775
463 0.00417464
464 -0.00417162
465 0.00416869
466 -0.00416584
467 0.00416308
468 -0.0041604
469 0.0041578
470 -0.00415529
471 0.00415287
472 -0.00415052
473 0.00414827
474 -0.00414609
475 0.004144
476 -0.00414199
477 0.00414007
478 -0.00413823
479 0.00413647
480 -0.00413479
481 0.0041332
482 -0.00413169
483 0.00413026
484 -0.00412892
485 0.00412765
486 -0.00412647
487 0.00412537
488 -0.00412435
489 0.00412341
490 -0.00412256
491 0.00412179
492 -0.00412109
493 0.00412048
494 -0.00411996
495 0.00411951
496 -0.00411914
497 0.00411886
498 -0.00411866
499 0.00411853
500 -0.00411849
501 0.00411853
502 -0.00411866
503 0.00411886
504 -0.00411914
505 0.00411951
506 -0.00411996
507 0.00412048
508 -0.00412109
509 0.00412179
510 -0.00412256
511 0.00412341
512 -0.00412435
513 0.00412537
514 -0.00412647
515 0.00412765
516 -0.00412892
517 0.00413026
518 -0.00413169
519 0.0041332
520 -0.00413479
521 0.00413647
522 -0.00413823
523 0.00414007
524 -0.00414199
525 0.004144
526 -0.00414609
527 0.00414827
528 -0.00415053
529 0.00415287
530 -0.00415529
531 0.0041578
532 -0.0041604
533 0.00416308
534 -0.00416584
535 0.00416869
536 -0.00417162
537 0.00417464
538 -0.00417775
539 0.00418094
540 -0.00418422
541 0.00418758
542 -0.00419103
543 0.00419457
544 -0.0041982
545 0.00420191
546 -0.00420571
547 0.0042096
548 -0.00421358
549 0.00421765
550 -0.00422181
551 0.00422605
552 -0.00423039
553 0.00423481
554 -0.00423933
555 0.00424394
556 -0.00424864
557 0.00425343
558 -0.00425831
559 0.00426329
560 -0.00426836
561 0.00427352
562 -0.00427878
563 0.00428413
564 -0.00428958
565 0.00429512
566 -0.00430075
567 0.00430649
568 -0.00431232
569 0.00431824
570 -0.00432427
571 0.00433039
572 -0.00433661
573 0.00434293
574 -0.00434935
575 0.00435587
576 -0.00436249
577 0.00436921
578 -0.00437604
579 0.00438297
580 -0.00439
581 0.00439713
582 -0.00440437
583 0.00441171
584 -0.00441916
585 0.00442672
586 -0.00443438
587 0.00444215
588 -0.00445003
589 0.00445801
590 -0.00446611
591 0.00447432
592 -0.00448264
593 0.00449107
594 -0.00449961
595 0.00450827
596 -0.00451704
597 0.00452593
598 -0.00453493
599 0.00454405
600 -0.00455329
601 0.00456264
602 -0.00457212
603 0.00458171
604 -0.00459143
605 0.00460126
606 -0.00461122
607 0.00462131
608 -0.00463152
609 0.00464185
610 -0.00465231
611 0.0046629
612 -0.00467361
613 0.00468446
614 -0.00469543
615 0.00470654
616 -0.00471778
617 0.00472916
618 -0.00474067
619 0.00475231
620 -0.00476409
621 0.00477601
622 -0.00478808
623 0.00480028
624 -0.00481262
625 0.0048251
626 -0.00483773
627 0.00485051
628 -0.00486343
629 0.0048765
630 -0.00488972
631 0.00490309
632 -0.00491662
633 0.00493029
634 -0.00494412
635 0.00495811
636 -0.00497225
637 0.00498656
638 -0.00500102
639 0.00501565
640 -0.00503044
641 0.0050454
642 -0.00506052
643 0.00507581
644 -0.00509127
645 0.0051069
646 -0.00512271
647 0.00513869
648 -0.00515485
649 0.00517119
650 -0.0051877
651 0.0052044
652 -0.00522129
653 0.00523835
654 -0.00525561
655 0.00527306
656 -0.0052907
657 0.00530853
658 -0.00532656
659 0.00534478
660 -0.00536321
661 0.00538183
662 -0.00540066
663 0.0054197
664 -0.00543895
665 0.0054584
666 -0.00547807
667 0.00549795
668 -0.00551805
669 0.00553838
670 -0.00555892
671 0.00557969
672 -0.00560068
673 0.00562191
674 -0.00564337
675 0.00566506
676 -0.00568699
677 0.00570917
678 -0.00573158
679 0.00575424
680 -0.00577715
681 0.00580031
682 -0.00582373
683 0.00584741
684 -0.00587134
685 0.00589554
686 -0.00592
687 0.00594474
688 -0.00596975
689 0.00599504
690 -0.00602061
691 0.00604646
692 -0.00607259
693 0.00609902
694 -0.00612574
695 0.00615276
696 -0.00618008
697 0.00620771
698 -0.00623564
699 0.00626389
700 -0.00629246
701 0.00632134
702 -0.00635055
703 0.00638009
704 -0.00640997
705 0.00644018
706 -0.00647073
707 0.00650163
708 -0.00653288
709 0.00656449
710 -0.00659645
711 0.00662879
712 -0.00666149
713 0.00669457
714 -0.00672802
715 0.00676187
716 -0.0067961
717 0.00683073
718 -0.00686576
719 0.00690119
720 -0.00693704
721 0.00697331
722 -0.00701
723 0.00704712
724 -0.00708468
725 0.00712268
726 -0.00716113
727 0.00720003
728 -0.00723939
729 0.00727922
730 -0.00731953
731 0.00736031
732 -0.00740159
733 0.00744336
734 -0.00748563
735 0.00752842
736 -0.00757172
737 0.00761554
738 -0.0076599
739 0.0077048
740 -0.00775026
741 0.00779626
742 -0.00784284
743 0.00788999
744 -0.00793772
745 0.00798604
746 -0.00803497
747 0.00808451
748 -0.00813467
749 0.00818546
750 -0.00823689
751 0.00828897
752 -0.00834171
753 0.00839512
754 -0.00844921
755 0.008504
756 -0.00855949
757 0.00861569
758 -0.00867263
759 0.0087303
760 -0.00878872
761 0.00884791
762 -0.00890787
763 0.00896862
764 -0.00903018
765 0.00909255
766 -0.00915575
767 0.0092198
768 -0.0092847
769 0.00935048
770 -0.00941714
771 0.00948471
772 -0.00955319
773 0.00962261
774 -0.00969299
775 0.00976433
776 -0.00983665
777 0.00990999
778 -0.00998433
779 0.0100597
780 -0.0101362
781 0.0102137
782 -0.0102923
783 0.0103721
784 -0.0104529
785 0.010535
786 -0.0106182
787 0.0107026
788 -0.0107882
789 0.0108751
790 -0.0109633
791 0.0110527
792 -0.0111435
793 0.0112356
794 -0.0113291
795 0.011424
796 -0.0115203
797 0.0116181
798 -0.0117173
799 0.0118181
800 -0.0119204
801 0.0120243
802 -0.0121297
803 0.0122369
804 -0.0123456
805 0.0124562
806 -0.0125683
807 0.0126825
808 -0.0127981
809 0.012916
810 -0.0130353
811 0.0131571
812 -0.0132802
813 0.013406
814 -0.0135332
815 0.0136632
816 -0.0137945
817 0.013929
818 -0.0140645
819 0.0142038
820 -0.0143437
821 0.014488
822 -0.0146324
823 0.014782
824 -0.0149311
825 0.0150863
826 -0.0152402
827 0.0154014
828 -0.0155601
829 0.0157278
830 -0.0158914
831 0.0160661
832 -0.0162345
833 0.0164169
834 -0.01659
835 0.0167809
836 -0.0169585
837 0.0171587
838 -0.0173404
839 0.0175512
840 -0.0177363
841 0.0179593
842 -0.0181469
843 0.0183838
844 -0.0185727
845 0.018826
846 -0.0190141
847 0.0192869
848 -0.0194718
849 0.019768
850 -0.0199461
851 0.0202709
852 -0.0204372
853 0.0207976
854 -0.0209455
855 0.0213501
856 -0.0214706
857 0.0219313
858 -0.0220123
859 0.0225443
860 -0.0225695
861 0.0231932
862 -0.0231407
863 0.0238829
864 -0.0237235
865 0.0246196
866 -0.0243141
867 0.0254112
868 -0.0249073
869 0.0262678
870 -0.0254956
871 0.0272021
872 -0.0260685
873 0.0282309
874 -0.0266116
875 0.0293758
876 -0.027105
877 0.0306648
878 -0.0275218
879 0.0321349
880 -0.0278255
881 0.0338344
882 -0.0279669
883 0.0358269
884 -0.0278796
885 0.0381962
886 -0.0274745
887 0.0410533
888 -0.0266324
889 0.0445445
890 -0.0251932
891 0.0488639
892 -0.0229434
893 0.0542684
894 -0.0195973
895 0.0610989
896 -0.0147738
897 0.0698077
898 -0.00796428
899 0.0809952
900 0.00150938
901 0.0954592
902 0.0145513
903 0.114259
904 0.0323662
905 0.138804
906 0.0565592
907 0.170965
908 0.0892682
909 0.213232
910 0.133341
911 0.268915
912 0.192568
913 0.342415
914 0.271997
915 0.439588
916 0.37835
917 0.568223
918 0.520573
919 0.738678
920 0.710573
921 0.964736
922 0.964202
923 1.26473
924 1.30256
925 1.66307
926 1.75372
927 2.1922
928 2.35507
929 2.8953
930 3.15633
931 3.82985
932 4.2237
933 5.0723
934 5.64527
935 6.72439
936 7.53828
937 8.92148
938 10.0588
939 11.8437
940 13.4143
941 15.7308
942 17.8812
943 20.9016
944 23.8272
945 27.7806
946 31.7416
947 36.9325
948 42.2755
949 49.1088
950 56.2954
951 65.3095
952 74.9544
953 86.8654
954 99.787
955 115.547
956 132.835
957 153.711
958 176.816
959 204.492
960 235.346
961 272.064
962 313.236
963 361.978
964 416.89
965 481.624
966 554.828
967 640.832
968 738.39
969 852.687
970 982.663
971 1134.6
972 1307.73
973 1509.74
974 1740.3
975 2008.93
976 2315.94
977 2673.21
978 3081.95
979 3557.16
980 4101.29
981 4733.46
982 5457.74
983 6298.77
984 7262.76
985 8381.79
986 9664.69
987 11153.7
988 12860.9
989 14842.6
990 17113.8
991 19751.7
992 22772.6
993 26285.4
994 30301.1
995 34983.2
996 40312.6
997 46572.9
998 53592.6
999 62160.7
