0 224880
1 154502
2 90973.7
3 56271.1
4 33547.3
5 20708.6
6 12315.1
7 7646.83
8 4503.89
9 2836.73
10 1636.18
11 1061.69
12 586.026
13 404.577
14 203.185
15 159.88
16 64.8604
17 67.7124
18 15.8189
19 32.2121
20 -0.838195
21 17.9435
22 -5.90511
23 11.7587
24 -6.94009
25 8.74573
26 -6.66165
27 7.04605
28 -6.02697
29 5.94002
30 -5.35785
31 5.13719
32 -4.7508
33 4.51201
34 -4.22526
35 4.00444
36 -3.77639
37 3.58196
38 -3.39331
39 3.22465
40 -3.06502
41 2.91901
42 -2.78202
43 2.65525
44 -2.53654
45 2.42594
46 -2.3223
47 2.2253
48 -2.13424
49 2.04872
50 -1.96826
51 1.8925
52 -1.82106
53 1.75362
54 -1.68989
55 1.62961
56 -1.57253
57 1.51842
58 -1.46708
59 1.41834
60 -1.37201
61 1.32793
62 -1.28598
63 1.246
64 -1.20788
65 1.17151
66 -1.13678
67 1.10359
68 -1.07186
69 1.04149
70 -1.01242
71 0.984567
72 -0.957866
73 0.932254
74 -0.907674
75 0.88407
76 -0.861392
77 0.839592
78 -0.818625
79 0.798449
80 -0.779025
81 0.760316
82 -0.742288
83 0.724907
84 -0.708144
85 0.691969
86 -0.676355
87 0.661276
88 -0.646709
89 0.63263
90 -0.619018
91 0.605852
92 -0.593114
93 0.580784
94 -0.568846
95 0.557284
96 -0.54608
97 0.535222
98 -0.524695
99 0.514485
100 -0.504581
101 0.494969
102 -0.485639
103 0.476579
104 -0.46778
105 0.459231
106 -0.450923
107 0.442848
108 -0.434995
109 0.427359
110 -0.419929
111 0.4127
112 -0.405664
113 0.398814
114 -0.392144
115 0.385647
116 -0.379318
117 0.373151
118 -0.36714
119 0.36128
120 -0.355566
121 0.349994
122 -0.344558
123 0.339255
124 -0.33408
125 0.329029
126 -0.324097
127 0.319282
128 -0.31458
129 0.309987
130 -0.3055
131 0.301115
132 -0.29683
133 0.292641
134 -0.288547
135 0.284543
136 -0.280627
137 0.276797
138 -0.27305
139 0.269384
140 -0.265797
141 0.262286
142 -0.258849
143 0.255484
144 -0.25219
145 0.248963
146 -0.245803
147 0.242708
148 -0.239675
149 0.236704
150 -0.233792
151 0.230937
152 -0.22814
153 0.225397
154 -0.222708
155 0.220071
156 -0.217485
157 0.214948
158 -0.212459
159 0.210018
160 -0.207623
161 0.205272
162 -0.202965
163 0.200701
164 -0.198478
165 0.196296
166 -0.194153
167 0.192049
168 -0.189983
169 0.187954
170 -0.185961
171 0.184002
172 -0.182079
173 0.180188
174 -0.178331
175 0.176505
176 -0.174711
177 0.172948
178 -0.171214
179 0.16951
180 -0.167834
181 0.166186
182 -0.164566
183 0.162972
184 -0.161405
185 0.159863
186 -0.158347
187 0.156855
188 -0.155387
189 0.153942
190 -0.152521
191 0.151122
192 -0.149745
193 0.14839
194 -0.147056
195 0.145743
196 -0.14445
197 0.143177
198 -0.141924
199 0.14069
200 -0.139474
201 0.138277
202 -0.137098
203 0.135937
204 -0.134793
205 0.133666
206 -0.132556
207 0.131462
208 -0.130384
209 0.129322
210 -0.128276
211 0.127244
212 -0.126227
213 0.125225
214 -0.124238
215 0.123264
216 -0.122304
217 0.121358
218 -0.120425
219 0.119505
220 -0.118598
221 0.117703
222 -0.116821
223 0.115951
224 -0.115093
225 0.114247
226 -0.113412
227 0.112589
228 -0.111777
229 0.110976
230 -0.110185
231 0.109405
232 -0.108635
233 0.107876
234 -0.107127
235 0.106387
236 -0.105657
237 0.104937
238 -0.104226
239 0.103525
240 -0.102832
241 0.102149
242 -0.101474
243 0.100808
244 -0.10015
245 0.0995007
246 -0.0988597
247 0.0982268
248 -0.0976019
249 0.0969848
250 -0.0963754
251 0.0957737
252 -0.0951794
253 0.0945925
254 -0.0940129
255 0.0934404
256 -0.092875
257 0.0923165
258 -0.0917648
259 0.0912199
260 -0.0906816
261 0.0901498
262 -0.0896244
263 0.0891054
264 -0.0885926
265 0.088086
266 -0.0875854
267 0.0870908
268 -0.086602
269 0.0861191
270 -0.0856419
271 0.0851703
272 -0.0847042
273 0.0842437
274 -0.0837885
275 0.0833387
276 -0.0828941
277 0.0824546
278 -0.0820203
279 0.081591
280 -0.0811666
281 0.0807472
282 -0.0803326
283 0.0799227
284 -0.0795175
285 0.079117
286 -0.078721
287 0.0783295
288 -0.0779425
289 0.0775599
290 -0.0771816
291 0.0768075
292 -0.0764377
293 0.0760721
294 -0.0757105
295 0.075353
296 -0.0749996
297 0.07465
298 -0.0743044
299 0.0739626
300 -0.0736246
301 0.0732904
302 -0.0729599
303 0.0726331
304 -0.0723098
305 0.0719902
306 -0.071674
307 0.0713614
308 -0.0710521
309 0.0707463
310 -0.0704439
311 0.0701447
312 -0.0698489
313 0.0695562
314 -0.0692668
315 0.0689805
316 -0.0686974
317 0.0684173
318 -0.0681403
319 0.0678664
320 -0.0675953
321 0.0673273
322 -0.0670621
323 0.0667999
324 -0.0665405
325 0.0662838
326 -0.06603
327 0.0657789
328 -0.0655306
329 0.0652849
330 -0.0650419
331 0.0648015
332 -0.0645638
333 0.0643286
334 -0.0640959
335 0.0638658
336 -0.0636382
337 0.063413
338 -0.0631902
339 0.0629699
340 -0.062752
341 0.0625364
342 -0.0623231
343 0.0621122
344 -0.0619036
345 0.0616972
346 -0.0614931
347 0.0612912
348 -0.0610914
349 0.0608939
350 -0.0606985
351 0.0605053
352 -0.0603141
353 0.060125
354 -0.0599381
355 0.0597531
356 -0.0595702
357 0.0593893
358 -0.0592104
359 0.0590334
360 -0.0588585
361 0.0586854
362 -0.0585143
363 0.058345
364 -0.0581776
365 0.0580121
366 -0.0578485
367 0.0576867
368 -0.0575266
369 0.0573684
370 -0.057212
371 0.0570573
372 -0.0569044
373 0.0567532
374 -0.0566037
375 0.0564559
376 -0.0563098
377 0.0561654
378 -0.0560227
379 0.0558816
380 -0.0557421
381 0.0556042
382 -0.055468
383 0.0553333
384 -0.0552002
385 0.0550687
386 -0.0549387
387 0.0548103
388 -0.0546834
389 0.054558
390 -0.0544341
391 0.0543117
392 -0.0541908
393 0.0540714
394 -0.0539534
395 0.0538369
396 -0.0537218
397 0.0536081
398 -0.0534959
399 0.053385
400 -0.0532755
401 0.0531675
402 -0.0530608
403 0.0529554
404 -0.0528515
405 0.0527488
406 -0.0526475
407 0.0525476
408 -0.0524489
409 0.0523516
410 -0.0522556
411 0.0521608
412 -0.0520674
413 0.0519752
414 -0.0518843
415 0.0517946
416 -0.0517062
417 0.051619
418 -0.0515331
419 0.0514484
420 -0.051365
421 0.0512827
422 -0.0512016
423 0.0511218
424 -0.0510431
425 0.0509657
426 -0.0508894
427 0.0508143
428 -0.0507403
429 0.0506675
430 -0.0505959
431 0.0505254
432 -0.0504561
433 0.0503879
434 -0.0503208
435 0.0502548
436 -0.05019
437 0.0501263
438 -0.0500637
439 0.0500022
440 -0.0499418
441 0.0498825
442 -0.0498242
443 0.0497671
444 -0.049711
445 0.049656
446 -0.0496021
447 0.0495493
448 -0.0494975
449 0.0494467
450 -0.0493971
451 0.0493484
452 -0.0493008
453 0.0492543
454 -0.0492088
455 0.0491643
456 -0.0491208
457 0.0490784
458 -0.049037
459 0.0489966
460 -0.0489573
461 0.0489189
462 -0.0488816
463 0.0488452
464 -0.0488099
465 0.0487756
466 -0.0487422
467 0.0487099
468 -0.0486785
469 0.0486482
470 -0.0486188
471 0.0485904
472 -0.048563
473 0.0485366
474 -0.0485112
475 0.0484867
476 -0.0484632
477 0.0484407
478 -0.0484192
479 0.0483986
480 -0.048379
481 0.0483603
482 -0.0483427
483 0.0483259
484 -0.0483102
485 0.0482954
486 -0.0482816
487 0.0482687
488 -0.0482568
489 0.0482458
490 -0.0482358
491 0.0482268
492 -0.0482187
493 0.0482116
494 -0.0482054
495 0.0482001
496 -0.0481959
497 0.0481925
498 -0.0481901
499 0.0481887
500 -0.0481882
501 0.0481887
502 -0.0481901
503 0.0481925
504 -0.0481959
505 0.0482001
506 -0.0482054
507 0.0482116
508 -0.0482187
509 0.0482268
510 -0.0482358
511 0.0482458
512 -0.0482568
513 0.0482687
514 -0.0482816
515 0.0482954
516 -0.0483102
517 0.0483259
518 -0.0483427
519 0.0483603
520 -0.048379
521 0.0483986
522 -0.0484192
523 0.0484407
524 -0.0484632
525 0.0484867
526 -0.0485112
527 0.0485366
528 -0.048563
529 0.0485904
530 -0.0486188
531 0.0486482
532 -0.0486785
533 0.0487099
534 -0.0487422
535 0.0487756
536 -0.0488099
537 0.0488452
538 -0.0488816
539 0.0489189
540 -0.0489573
541 0.0489966
542 -0.049037
543 0.0490784
544 -0.0491208
545 0.0491643
546 -0.0492088
547 0.0492543
548 -0.0493008
549 0.0493484
550 -0.0493971
551 0.0494467
552 -0.0494975
553 0.0495493
554 -0.0496021
555 0.049656
556 -0.049711
557 0.0497671
558 -0.0498242
559 0.0498825
560 -0.0499418
561 0.0500022
562 -0.0500637
563 0.0501263
564 -0.05019
565 0.0502548
566 -0.0503208
567 0.0503879
568 -0.0504561
569 0.0505254
570 -0.0505959
571 0.0506675
572 -0.0507403
573 0.0508143
574 -0.0508894
575 0.0509657
576 -0.0510431
577 0.0511218
578 -0.0512016
579 0.0512827
580 -0.051365
581 0.0514484
582 -0.0515331
583 0.051619
584 -0.0517062
585 0.0517946
586 -0.0518843
587 0.0519752
588 -0.0520674
589 0.0521608
590 -0.0522556
591 0.0523516
592 -0.0524489
593 0.0525476
594 -0.0526475
595 0.0527488
596 -0.0528515
597 0.0529554
598 -0.0530608
599 0.0531675
600 -0.0532756
601 0.053385
602 -0.0534959
603 0.0536081
604 -0.0537218
605 0.0538369
606 -0.0539534
607 0.0540714
608 -0.0541908
609 0.0543117
610 -0.0544341
611 0.054558
612 -0.0546834
613 0.0548103
614 -0.0549387
615 0.0550687
616 -0.0552002
617 0.0553333
618 -0.055468
619 0.0556042
620 -0.0557421
621 0.0558816
622 -0.0560227
623 0.0561654
624 -0.0563098
625 0.0564559
626 -0.0566037
627 0.0567532
628 -0.0569044
629 0.0570573
630 -0.057212
631 0.0573684
632 -0.0575266
633 0.0576867
634 -0.0578485
635 0.0580121
636 -0.0581776
637 0.058345
638 -0.0585143
639 0.0586854
640 -0.0588585
641 0.0590334
642 -0.0592104
643 0.0593893
644 -0.0595702
645 0.0597531
646 -0.0599381
647 0.060125
648 -0.0603141
649 0.0605053
650 -0.0606985
651 0.0608939
652 -0.0610914
653 0.0612912
654 -0.0614931
655 0.0616972
656 -0.0619036
657 0.0621122
658 -0.0623231
659 0.0625364
660 -0.062752
661 0.0629699
662 -0.0631902
663 0.063413
664 -0.0636382
665 0.0638658
666 -0.0640959
667 0.0643286
668 -0.0645638
669 0.0648015
670 -0.0650419
671 0.0652849
672 -0.0655306
673 0.0657789
674 -0.06603
675 0.0662838
676 -0.0665405
677 0.0667999
678 -0.0670621
679 0.0673273
680 -0.0675954
681 0.0678664
682 -0.0681403
683 0.0684173
684 -0.0686974
685 0.0689805
686 -0.0692668
687 0.0695562
688 -0.0698489
689 0.0701447
690 -0.0704439
691 0.0707463
692 -0.0710521
693 0.0713614
694 -0.071674
695 0.0719902
696 -0.0723098
697 0.0726331
698 -0.0729599
699 0.0732904
700 -0.0736246
701 0.0739626
702 -0.0743044
703 0.07465
704 -0.0749996
705 0.075353
706 -0.0757105
707 0.0760721
708 -0.0764377
709 0.0768075
710 -0.0771816
711 0.0775599
712 -0.0779425
713 0.0783295
714 -0.078721
715 0.079117
716 -0.0795175
717 0.0799227
718 -0.0803326
719 0.0807472
720 -0.0811666
721 0.081591
722 -0.0820203
723 0.0824546
724 -0.0828941
725 0.0833387
726 -0.0837885
727 0.0842437
728 -0.0847043
729 0.0851703
730 -0.0856419
731 0.0861191
732 -0.086602
733 0.0870908
734 -0.0875854
735 0.088086
736 -0.0885926
737 0.0891054
738 -0.0896244
739 0.0901498
740 -0.0906816
741 0.0912199
742 -0.0917648
743 0.0923165
744 -0.092875
745 0.0934404
746 -0.0940129
747 0.0945925
748 -0.0951794
749 0.0957737
750 -0.0963754
751 0.0969848
752 -0.0976019
753 0.0982268
754 -0.0988597
755 0.0995007
756 -0.10015
757 0.100808
758 -0.101474
759 0.102149
760 -0.102832
761 0.103525
762 -0.104226
763 0.104937
764 -0.105657
765 0.106387
766 -0.107127
767 0.107876
768 -0.108635
769 0.109405
770 -0.110185
771 0.110976
772 -0.111777
773 0.112589
774 -0.113412
775 0.114247
776 -0.115093
777 0.115951
778 -0.116821
779 0.117703
780 -0.118598
781 0.119505
782 -0.120425
783 0.121358
784 -0.122304
785 0.123264
786 -0.124238
787 0.125225
788 -0.126227
789 0.127244
790 -0.128276
791 0.129322
792 -0.130384
793 0.131462
794 -0.132556
795 0.133666
796 -0.134793
797 0.135937
798 -0.137098
799 0.138277
800 -0.139474
801 0.14069
802 -0.141924
803 0.143177
804 -0.14445
805 0.145743
806 -0.147056
807 0.14839
808 -0.149745
809 0.151122
810 -0.152521
811 0.153942
812 -0.155387
813 0.156855
814 -0.158347
815 0.159863
816 -0.161405
817 0.162972
818 -0.164566
819 0.166186
820 -0.167834
821 0.16951
822 -0.171214
823 0.172948
824 -0.174711
825 0.176505
826 -0.178331
827 0.180188
828 -0.182079
829 0.184002
830 -0.185961
831 0.187954
832 -0.189983
833 0.192049
834 -0.194153
835 0.196296
836 -0.198478
837 0.200701
838 -0.202965
839 0.205272
840 -0.207623
841 0.210018
842 -0.212459
843 0.214948
844 -0.217485
845 0.220071
846 -0.222708
847 0.225397
848 -0.22814
849 0.230937
850 -0.233792
851 0.236704
852 -0.239675
853 0.242708
854 -0.245803
855 0.248963
856 -0.25219
857 0.255484
858 -0.258849
859 0.262286
860 -0.265797
861 0.269384
862 -0.27305
863 0.276797
864 -0.280627
865 0.284543
866 -0.288547
867 0.292641
868 -0.29683
869 0.301115
870 -0.3055
871 0.309987
872 -0.31458
873 0.319282
874 -0.324097
875 0.329029
876 -0.33408
877 0.339255
878 -0.344558
879 0.349994
880 -0.355566
881 0.36128
882 -0.36714
883 0.373151
884 -0.379318
885 0.385647
886 -0.392144
887 0.398814
888 -0.405664
889 0.4127
890 -0.419929
891 0.427359
892 -0.434995
893 0.442848
894 -0.450923
895 0.459231
896 -0.46778
897 0.476579
898 -0.485639
899 0.494969
900 -0.504581
901 0.514485
902 -0.524695
903 0.535222
904 -0.54608
905 0.557284
906 -0.568846
907 0.580784
908 -0.593114
909 0.605852
910 -0.619018
911 0.63263
912 -0.646709
913 0.661276
914 -0.676355
915 0.691969
916 -0.708144
917 0.724907
918 -0.742288
919 0.760316
920 -0.779025
921 0.798449
922 -0.818625
923 0.839592
924 -0.861392
925 0.88407
926 -0.907674
927 0.932254
928 -0.957866
929 0.984567
930 -1.01242
931 1.04149
932 -1.07186
933 1.10359
934 -1.13678
935 1.17151
936 -1.20788
937 1.246
938 -1.28598
939 1.32793
940 -1.37201
941 1.41834
942 -1.46708
943 1.51842
944 -1.57253
945 1.62961
946 -1.68989
947 1.75362
948 -1.82106
949 1.8925
950 -1.96826
951 2.04872
952 -2.13424
953 2.2253
954 -2.3223
955 2.42594
956 -2.53654
957 2.65525
958 -2.78202
959 2.91901
960 -3.06502
961 3.22465
962 -3.39331
963 3.58196
964 -3.77639
965 4.00444
966 -4.22526
967 4.51201
968 -4.7508
969 5.13719
970 -5.35785
971 5.94002
972 -6.02697
973 7.04605
974 -6.66165
975 8.74573
976 -6.94009
977 11.7587
978 -5.90511
979 17.9435
980 -0.838195
981 32.2121
982 15.8189
983 67.7124
984 64.8604
985 159.88
986 203.185
987 404.577
988 586.026
989 1061.69
990 1636.18
991 2836.73
992 4503.89
993 7646.83
994 12315.1
995 20708.6
996 33547.3
997 56271.1
998 90973.7
999 154502
