0 0 0 3.03362
0 0 1 2.51271
0 0 2 1.96324
0 0 3 1.59272
0 0 4 1.38159
0 0 5 1.31442
0 0 6 1.38159
0 0 7 1.59272
0 0 8 1.96324
0 0 9 2.51271
0 1 0 2.51489
0 1 1 2.00748
0 1 2 1.58959
0 1 3 1.32389
0 1 4 1.19701
0 1 5 1.20041
0 1 6 1.33051
0 1 7 1.59551
0 1 8 1.99327
0 1 9 2.45256
0 2 0 1.96287
0 2 1 1.59215
0 2 2 1.27
0 2 3 1.06919
0 2 4 0.983429
0 2 5 1.01039
0 2 6 1.14528
0 2 7 1.38663
0 2 8 1.70368
0 2 9 1.99168
0 3 0 1.59136
0 3 1 1.32349
0 3 2 1.06888
0 3 3 0.901543
0 3 4 0.827004
0 3 5 0.846792
0 3 6 0.956266
0 3 7 1.14783
0 3 8 1.38754
0 3 9 1.59594
0 4 0 1.38197
0 4 1 1.19815
0 4 2 0.983277
0 4 3 0.826772
0 4 4 0.742333
0 4 5 0.738251
0 4 6 0.811241
0 4 7 0.955736
0 4 8 1.14506
0 4 9 1.33059
0 5 0 1.31276
0 5 1 1.20038
0 5 2 1.01076
0 5 3 0.846824
0 5 4 0.738708
0 5 5 0.702079
0 5 6 0.738708
0 5 7 0.846824
0 5 8 1.01076
0 5 9 1.20038
0 6 0 1.38197
0 6 1 1.33059
0 6 2 1.14506
0 6 3 0.955736
0 6 4 0.811241
0 6 5 0.738251
0 6 6 0.742333
0 6 7 0.826772
0 6 8 0.983277
0 6 9 1.19815
0 7 0 1.59136
0 7 1 1.59594
0 7 2 1.38754
0 7 3 1.14783
0 7 4 0.956266
0 7 5 0.846792
0 7 6 0.827004
0 7 7 0.901543
0 7 8 1.06888
0 7 9 1.32349
0 8 0 1.96287
0 8 1 1.99168
0 8 2 1.70368
0 8 3 1.38663
0 8 4 1.14528
0 8 5 1.01039
0 8 6 0.983429
0 8 7 1.06919
0 8 8 1.27
0 8 9 1.59215
0 9 0 2.51489
0 9 1 2.45256
0 9 2 1.99327
0 9 3 1.59551
0 9 4 1.33051
0 9 5 1.20041
0 9 6 1.19701
0 9 7 1.32389
0 9 8 1.58959
0 9 9 2.00748
1 0 0 2.52268
1 0 1 1.99964
1 0 2 1.58664
1 0 3 1.32278
1 0 4 1.19695
1 0 5 1.20118
1 0 6 1.33211
1 0 7 1.59817
1 0 8 1.99781
1 0 9 2.4636
1 1 0 2.00075
1 1 1 1.58471
1 1 2 1.26759
1 1 3 1.0791
1 1 4 1.01232
1 1 5 1.06313
1 1 6 1.22946
1 1 7 1.51149
1 1 8 1.87713
1 1 9 2.1736
1 2 0 1.58641
1 2 1 1.26886
1 2 2 1.01932
1 2 3 0.875135
1 2 4 0.83355
1 2 5 0.893593
1 2 6 1.05033
1 2 7 1.29356
1 2 8 1.57175
1 2 9 1.74485
1 3 0 1.3221
1 3 1 1.07886
1 3 2 0.874933
1 3 3 0.75059
1 3 4 0.710542
1 3 5 0.7564
1 3 6 0.882702
1 3 7 1.07581
1 3 8 1.28926
1 3 9 1.42342
1 4 0 1.19718
1 4 1 1.01293
1 4 2 0.833463
1 4 3 0.710425
1 4 4 0.655345
1 4 5 0.674936
1 4 6 0.765509
1 4 7 0.917125
1 4 8 1.09537
1 4 9 1.23257
1 5 0 1.20033
1 5 1 1.0631
1 5 2 0.893771
1 5 3 0.756424
1 5 4 0.675185
1 5 5 0.66306
1 5 6 0.720884
1 5 7 0.843944
1 5 8 1.01022
1 5 9 1.17062
1 6 0 1.33234
1 6 1 1.22951
1 6 2 1.05018
1 6 3 0.882414
1 6 4 0.765509
1 6 5 0.720635
1 6 6 0.752124
1 6 7 0.860554
1 6 8 1.03259
1 6 9 1.23294
1 7 0 1.59749
1 7 1 1.51176
1 7 2 1.29404
1 7 3 1.07581
1 7 4 0.917413
1 7 5 0.843919
1 7 6 0.860671
1 7 7 0.970557
1 7 8 1.16726
1 7 9 1.42249
1 8 0 1.99758
1 8 1 1.87632
1 8 2 1.57175
1 8 3 1.28879
1 8 4 1.09551
1 8 5 1.01004
1 8 6 1.03268
1 8 7 1.16746
1 8 8 1.41276
1 8 9 1.74609
1 9 0 2.46471
1 9 1 2.1736
1 9 2 1.74566
1 9 3 1.42315
1 9 4 1.23252
1 9 5 1.17064
1 9 6 1.23234
1 9 7 1.42273
1 9 8 1.74482
1 9 9 2.17152
2 0 0 1.9616
2 0 1 1.59341
2 0 2 1.2705
2 0 3 1.06937
2 0 4 0.983425
2 0 5 1.01025
2 0 6 1.14499
2 0 7 1.38616
2 0 8 1.70288
2 0 9 1.98972
2 1 0 1.59559
2 1 1 1.26956
2 1 2 1.01985
2 1 3 0.875828
2 1 4 0.834358
2 1 5 0.894493
2 1 6 1.05132
2 1 7 1.29466
2 1 8 1.57305
2 1 9 1.7478
2 2 0 1.27012
2 2 1 1.02241
2 2 2 0.822499
2 2 3 0.711585
2 2 4 0.687547
2 2 5 0.751704
2 2 6 0.896005
2 2 7 1.10365
2 2 8 1.31434
2 2 9 1.41175
2 3 0 1.06801
2 3 1 0.875426
2 3 2 0.711275
2 3 3 0.614287
2 3 4 0.58943
2 3 5 0.639479
2 3 6 0.756869
2 3 7 0.923764
2 3 8 1.0892
2 3 9 1.16792
2 4 0 0.983799
2 4 1 0.835497
2 4 2 0.687395
2 4 3 0.589198
2 4 4 0.549774
2 4 5 0.576667
2 4 6 0.664081
2 4 7 0.799322
2 4 8 0.942654
2 4 9 1.03245
2 5 0 1.0086
2 5 1 0.894461
2 5 2 0.752073
2 5 3 0.63951
2 5 4 0.577124
2 5 5 0.577256
2 5 6 0.638869
2 5 7 0.754287
2 5 8 0.89502
2 5 9 1.00944
2 6 0 1.14537
2 6 1 1.0514
2 6 2 0.895783
2 6 3 0.756339
2 6 4 0.664081
2 6 5 0.638412
2 6 6 0.681151
2 6 7 0.790011
2 6 8 0.942825
2 6 9 1.09582
2 7 0 1.38481
2 7 1 1.2951
2 7 2 1.10455
2 7 3 0.923764
2 7 4 0.799852
2 7 5 0.754256
2 7 6 0.790243
2 7 7 0.907271
2 7 8 1.08821
2 7 9 1.28723
2 8 0 1.70251
2 8 1 1.57145
2 8 2 1.31434
2 8 3 1.08829
2 8 4 0.942876
2 8 5 0.894651
2 8 6 0.942977
2 8 7 1.08852
2 8 8 1.3148
2 8 9 1.57255
2 9 0 1.9919
2 9 1 1.7478
2 9 2 1.41334
2 9 3 1.16748
2 9 4 1.03237
2 9 5 1.00947
2 9 6 1.09468
2 9 7 1.28763
2 9 8 1.56999
2 9 9 1.87222
3 0 0 1.58651
3 0 1 1.31963
3 0 2 1.06721
3 0 3 0.900476
3 0 4 0.826266
3 0 5 0.846313
3 0 6 0.956048
3 0 7 1.14795
3 0 8 1.38823
3 0 9 1.59785
3 1 0 1.32073
3 1 1 1.07917
3 1 2 0.875031
3 1 3 0.750565
3 1 4 0.710443
3 1 5 0.756242
3 1 6 0.882487
3 1 7 1.07552
3 1 8 1.28883
3 1 9 1.42237
3 2 0 1.06698
3 2 1 0.8763
3 2 2 0.711637
3 2 3 0.614409
3 2 4 0.589413
3 2 5 0.639354
3 2 6 0.756636
3 2 7 0.923392
3 2 8 1.08856
3 2 9 1.1664
3 3 0 0.899798
3 3 1 0.750322
3 3 2 0.614207
3 3 3 0.529368
3 3 4 0.504657
3 3 5 0.544059
3 3 6 0.64056
3 3 7 0.776491
3 3 8 0.908083
3 3 9 0.970886
3 4 0 0.826494
3 4 1 0.71105
3 4 2 0.589327
3 4 3 0.50454
3 4 4 0.468927
3 4 5 0.490162
3 4 6 0.563282
3 4 7 0.675034
3 4 8 0.790433
3 4 9 0.860842
3 5 0 0.845458
3 5 1 0.756218
3 5 2 0.639532
3 5 3 0.544084
3 5 4 0.490412
3 5 5 0.490521
3 5 6 0.543488
3 5 7 0.640535
3 5 8 0.754761
3 5 9 0.844066
3 6 0 0.956276
3 6 1 0.882535
3 6 2 0.756494
3 6 3 0.640272
3 6 4 0.563282
3 6 5 0.543238
3 6 6 0.582082
3 6 7 0.675208
3 6 8 0.800088
3 6 9 0.918238
3 7 0 1.14727
3 7 1 1.07579
3 7 2 0.923867
3 7 3 0.776491
3 7 4 0.675322
3 7 5 0.640511
3 7 6 0.675325
3 7 7 0.776498
3 7 8 0.923877
3 7 9 1.07585
3 8 0 1.388
3 8 1 1.28802
3 8 2 1.08856
3 8 3 0.907607
3 8 4 0.790574
3 8 5 0.754583
3 8 6 0.800174
3 8 7 0.92408
3 8 8 1.10488
3 8 9 1.29571
3 9 0 1.59895
3 9 1 1.42237
3 9 2 1.16722
3 9 3 0.970619
3 9 4 0.860794
3 9 5 0.84409
3 9 6 0.917632
3 9 7 1.07609
3 9 8 1.29444
3 9 9 1.5127
4 0 0 1.38323
4 0 1 1.19901
4 0 2 0.983648
4 0 3 0.827026
4 0 4 0.742526
4 0 5 0.738398
4 0 6 0.811341
4 0 7 0.955776
4 0 8 1.145
4 0 9 1.33043
4 1 0 1.20119
4 1 1 1.01134
4 1 2 0.832901
4 1 3 0.71034
4 1 4 0.655538
4 1 5 0.67535
4 1 6 0.766142
4 1 7 0.918036
4 1 8 1.09679
4 1 9 1.23595
4 2 0 0.983274
4 2 1 0.835463
4 2 2 0.687362
4 2 3 0.589155
4 2 4 0.549723
4 2 5 0.576609
4 2 6 0.664017
4 2 7 0.79925
4 2 8 0.942568
4 2 9 1.03222
4 3 0 0.825668
4 3 1 0.709937
4 3 2 0.588845
4 3 3 0.504261
4 3 4 0.468758
4 3 5 0.49008
4 3 6 0.563286
4 3 7 0.675149
4 3 8 0.790746
4 3 9 0.861616
4 4 0 0.7429
4 4 1 0.656678
4 4 2 0.549571
4 4 3 0.468527
4 4 4 0.426604
4 4 5 0.43487
4 4 6 0.489655
4 4 7 0.581416
4 4 8 0.680804
4 4 9 0.752497
4 5 0 0.736746
4 5 1 0.675318
4 5 2 0.576978
4 5 3 0.490112
4 5 4 0.435327
4 5 5 0.426842
4 5 6 0.46489
4 5 7 0.543075
4 5 8 0.638692
4 5 9 0.720634
4 6 0 0.811715
4 6 1 0.766222
4 6 2 0.663795
4 6 3 0.562756
4 6 4 0.489655
4 6 5 0.464433
4 6 6 0.489673
4 6 7 0.562796
4 6 8 0.663876
4 6 9 0.766416
4 7 0 0.954419
4 7 1 0.91847
4 7 2 0.800155
4 7 3 0.675149
4 7 4 0.581947
4 7 5 0.543044
4 7 6 0.563028
4 7 7 0.639943
4 7 8 0.756021
4 7 9 0.881446
4 8 0 1.14462
4 8 1 1.09519
4 8 2 0.942568
4 8 3 0.789841
4 8 4 0.681026
4 8 5 0.638323
4 8 6 0.664028
4 8 7 0.756331
4 8 8 0.895849
4 8 9 1.05158
4 9 0 1.33261
4 9 1 1.23595
4 9 2 1.03382
4 9 3 0.861182
4 9 4 0.752417
4 9 5 0.720666
4 9 6 0.765277
4 9 7 0.881848
4 9 8 1.04902
4 9 9 1.22665
5 0 0 1.30691
5 0 1 1.19912
5 0 2 1.01015
5 0 3 0.846233
5 0 4 0.738116
5 0 5 0.701486
5 0 6 0.738116
5 0 7 0.846233
5 0 8 1.01015
5 0 9 1.19912
5 1 0 1.20023
5 1 1 1.06393
5 1 2 0.894118
5 1 3 0.756589
5 1 4 0.67525
5 1 5 0.663046
5 1 6 0.720792
5 1 7 0.84375
5 1 8 1.00984
5 1 9 1.16971
5 2 0 1.00993
5 2 1 0.895387
5 2 2 0.752502
5 2 3 0.639784
5 2 4 0.577315
5 2 5 0.577384
5 2 6 0.638934
5 2 7 0.754269
5 2 8 0.894851
5 2 9 1.00902
5 3 0 0.845555
5 3 1 0.756346
5 3 2 0.639581
5 3 3 0.544114
5 3 4 0.490433
5 3 5 0.490535
5 3 6 0.543494
5 3 7 0.640532
5 3 8 0.754744
5 3 9 0.844018
5 4 0 0.738344
5 4 1 0.675856
5 4 2 0.577229
5 4 3 0.490316
5 4 4 0.435511
5 4 5 0.42701
5 4 6 0.465042
5 4 7 0.543206
5 4 8 0.638792
5 4 9 0.720839
5 5 0 0.700631
5 5 1 0.663021
5 5 2 0.577563
5 5 3 0.49056
5 5 4 0.427259
5 5 5 0.404976
5 5 6 0.427259
5 5 7 0.49056
5 5 8 0.577563
5 5 9 0.663021
5 6 0 0.738344
5 6 1 0.720839
5 6 2 0.638792
5 6 3 0.543206
5 6 4 0.465042
5 6 5 0.42701
5 6 6 0.435511
5 6 7 0.490316
5 6 8 0.577229
5 6 9 0.675856
5 7 0 0.845555
5 7 1 0.844018
5 7 2 0.754744
5 7 3 0.640532
5 7 4 0.543494
5 7 5 0.490535
5 7 6 0.490433
5 7 7 0.544114
5 7 8 0.639581
5 7 9 0.756346
5 8 0 1.00993
5 8 1 1.00902
5 8 2 0.894851
5 8 3 0.754269
5 8 4 0.638934
5 8 5 0.577384
5 8 6 0.577315
5 8 7 0.639784
5 8 8 0.752502
5 8 9 0.895387
5 9 0 1.20023
5 9 1 1.16971
5 9 2 1.00984
5 9 3 0.84375
5 9 4 0.720792
5 9 5 0.663046
5 9 6 0.67525
5 9 7 0.756589
5 9 8 0.894118
5 9 9 1.06393
6 0 0 1.38323
6 0 1 1.33043
6 0 2 1.145
6 0 3 0.955776
6 0 4 0.811341
6 0 5 0.738398
6 0 6 0.742526
6 0 7 0.827026
6 0 8 0.983648
6 0 9 1.19901
6 1 0 1.33261
6 1 1 1.22665
6 1 2 1.04902
6 1 3 0.881848
6 1 4 0.765277
6 1 5 0.720666
6 1 6 0.752417
6 1 7 0.861182
6 1 8 1.03382
6 1 9 1.23595
6 2 0 1.14462
6 2 1 1.05158
6 2 2 0.895849
6 2 3 0.756331
6 2 4 0.664028
6 2 5 0.638323
6 2 6 0.681026
6 2 7 0.789841
6 2 8 0.942568
6 2 9 1.09519
6 3 0 0.954419
6 3 1 0.881446
6 3 2 0.756021
6 3 3 0.639943
6 3 4 0.563028
6 3 5 0.543044
6 3 6 0.581947
6 3 7 0.675149
6 3 8 0.800155
6 3 9 0.91847
6 4 0 0.811715
6 4 1 0.766416
6 4 2 0.663876
6 4 3 0.562796
6 4 4 0.489673
6 4 5 0.464433
6 4 6 0.489655
6 4 7 0.562756
6 4 8 0.663795
6 4 9 0.766222
6 5 0 0.736746
6 5 1 0.720634
6 5 2 0.638692
6 5 3 0.543075
6 5 4 0.46489
6 5 5 0.426842
6 5 6 0.435327
6 5 7 0.490112
6 5 8 0.576978
6 5 9 0.675318
6 6 0 0.7429
6 6 1 0.752497
6 6 2 0.680804
6 6 3 0.581416
6 6 4 0.489655
6 6 5 0.43487
6 6 6 0.426604
6 6 7 0.468527
6 6 8 0.549571
6 6 9 0.656678
6 7 0 0.825668
6 7 1 0.861616
6 7 2 0.790746
6 7 3 0.675149
6 7 4 0.563286
6 7 5 0.49008
6 7 6 0.468758
6 7 7 0.504261
6 7 8 0.588845
6 7 9 0.709937
6 8 0 0.983274
6 8 1 1.03222
6 8 2 0.942568
6 8 3 0.79925
6 8 4 0.664017
6 8 5 0.576609
6 8 6 0.549723
6 8 7 0.589155
6 8 8 0.687362
6 8 9 0.835463
6 9 0 1.20119
6 9 1 1.23595
6 9 2 1.09679
6 9 3 0.918036
6 9 4 0.766142
6 9 5 0.67535
6 9 6 0.655538
6 9 7 0.71034
6 9 8 0.832901
6 9 9 1.01134
7 0 0 1.58651
7 0 1 1.59785
7 0 2 1.38823
7 0 3 1.14795
7 0 4 0.956048
7 0 5 0.846313
7 0 6 0.826266
7 0 7 0.900476
7 0 8 1.06721
7 0 9 1.31963
7 1 0 1.59895
7 1 1 1.5127
7 1 2 1.29444
7 1 3 1.07609
7 1 4 0.917632
7 1 5 0.84409
7 1 6 0.860794
7 1 7 0.970619
7 1 8 1.16722
7 1 9 1.42237
7 2 0 1.388
7 2 1 1.29571
7 2 2 1.10488
7 2 3 0.92408
7 2 4 0.800174
7 2 5 0.754583
7 2 6 0.790574
7 2 7 0.907607
7 2 8 1.08856
7 2 9 1.28802
7 3 0 1.14727
7 3 1 1.07585
7 3 2 0.923877
7 3 3 0.776498
7 3 4 0.675325
7 3 5 0.640511
7 3 6 0.675322
7 3 7 0.776491
7 3 8 0.923867
7 3 9 1.07579
7 4 0 0.956276
7 4 1 0.918238
7 4 2 0.800088
7 4 3 0.675208
7 4 4 0.582082
7 4 5 0.543238
7 4 6 0.563282
7 4 7 0.640272
7 4 8 0.756494
7 4 9 0.882535
7 5 0 0.845458
7 5 1 0.844066
7 5 2 0.754761
7 5 3 0.640535
7 5 4 0.543488
7 5 5 0.490521
7 5 6 0.490412
7 5 7 0.544084
7 5 8 0.639532
7 5 9 0.756218
7 6 0 0.826494
7 6 1 0.860842
7 6 2 0.790433
7 6 3 0.675034
7 6 4 0.563282
7 6 5 0.490162
7 6 6 0.468927
7 6 7 0.50454
7 6 8 0.589327
7 6 9 0.71105
7 7 0 0.899798
7 7 1 0.970886
7 7 2 0.908083
7 7 3 0.776491
7 7 4 0.64056
7 7 5 0.544059
7 7 6 0.504657
7 7 7 0.529368
7 7 8 0.614207
7 7 9 0.750322
7 8 0 1.06698
7 8 1 1.1664
7 8 2 1.08856
7 8 3 0.923392
7 8 4 0.756636
7 8 5 0.639354
7 8 6 0.589413
7 8 7 0.614409
7 8 8 0.711637
7 8 9 0.8763
7 9 0 1.32073
7 9 1 1.42237
7 9 2 1.28883
7 9 3 1.07552
7 9 4 0.882487
7 9 5 0.756242
7 9 6 0.710443
7 9 7 0.750565
7 9 8 0.875031
7 9 9 1.07917
8 0 0 1.9616
8 0 1 1.98972
8 0 2 1.70288
8 0 3 1.38616
8 0 4 1.14499
8 0 5 1.01025
8 0 6 0.983425
8 0 7 1.06937
8 0 8 1.2705
8 0 9 1.59341
8 1 0 1.9919
8 1 1 1.87222
8 1 2 1.56999
8 1 3 1.28763
8 1 4 1.09468
8 1 5 1.00947
8 1 6 1.03237
8 1 7 1.16748
8 1 8 1.41334
8 1 9 1.7478
8 2 0 1.70251
8 2 1 1.57255
8 2 2 1.3148
8 2 3 1.08852
8 2 4 0.942977
8 2 5 0.894651
8 2 6 0.942876
8 2 7 1.08829
8 2 8 1.31434
8 2 9 1.57145
8 3 0 1.38481
8 3 1 1.28723
8 3 2 1.08821
8 3 3 0.907271
8 3 4 0.790243
8 3 5 0.754256
8 3 6 0.799852
8 3 7 0.923764
8 3 8 1.10455
8 3 9 1.2951
8 4 0 1.14537
8 4 1 1.09582
8 4 2 0.942825
8 4 3 0.790011
8 4 4 0.681151
8 4 5 0.638412
8 4 6 0.664081
8 4 7 0.756339
8 4 8 0.895783
8 4 9 1.0514
8 5 0 1.0086
8 5 1 1.00944
8 5 2 0.89502
8 5 3 0.754287
8 5 4 0.638869
8 5 5 0.577256
8 5 6 0.577124
8 5 7 0.63951
8 5 8 0.752073
8 5 9 0.894461
8 6 0 0.983799
8 6 1 1.03245
8 6 2 0.942654
8 6 3 0.799322
8 6 4 0.664081
8 6 5 0.576667
8 6 6 0.549774
8 6 7 0.589198
8 6 8 0.687395
8 6 9 0.835497
8 7 0 1.06801
8 7 1 1.16792
8 7 2 1.0892
8 7 3 0.923764
8 7 4 0.756869
8 7 5 0.639479
8 7 6 0.58943
8 7 7 0.614287
8 7 8 0.711275
8 7 9 0.875426
8 8 0 1.27012
8 8 1 1.41175
8 8 2 1.31434
8 8 3 1.10365
8 8 4 0.896005
8 8 5 0.751704
8 8 6 0.687547
8 8 7 0.711585
8 8 8 0.822499
8 8 9 1.02241
8 9 0 1.59559
8 9 1 1.7478
8 9 2 1.57305
8 9 3 1.29466
8 9 4 1.05132
8 9 5 0.894493
8 9 6 0.834358
8 9 7 0.875828
8 9 8 1.01985
8 9 9 1.26956
9 0 0 2.52268
9 0 1 2.4636
9 0 2 1.99781
9 0 3 1.59817
9 0 4 1.33211
9 0 5 1.20118
9 0 6 1.19695
9 0 7 1.32278
9 0 8 1.58664
9 0 9 1.99964
9 1 0 2.46471
9 1 1 2.17152
9 1 2 1.74482
9 1 3 1.42273
9 1 4 1.23234
9 1 5 1.17064
9 1 6 1.23252
9 1 7 1.42315
9 1 8 1.74566
9 1 9 2.1736
9 2 0 1.99758
9 2 1 1.74609
9 2 2 1.41276
9 2 3 1.16746
9 2 4 1.03268
9 2 5 1.01004
9 2 6 1.09551
9 2 7 1.28879
9 2 8 1.57175
9 2 9 1.87632
9 3 0 1.59749
9 3 1 1.42249
9 3 2 1.16726
9 3 3 0.970557
9 3 4 0.860671
9 3 5 0.843919
9 3 6 0.917413
9 3 7 1.07581
9 3 8 1.29404
9 3 9 1.51176
9 4 0 1.33234
9 4 1 1.23294
9 4 2 1.03259
9 4 3 0.860554
9 4 4 0.752124
9 4 5 0.720635
9 4 6 0.765509
9 4 7 0.882414
9 4 8 1.05018
9 4 9 1.22951
9 5 0 1.20033
9 5 1 1.17062
9 5 2 1.01022
9 5 3 0.843944
9 5 4 0.720884
9 5 5 0.66306
9 5 6 0.675185
9 5 7 0.756424
9 5 8 0.893771
9 5 9 1.0631
9 6 0 1.19718
9 6 1 1.23257
9 6 2 1.09537
9 6 3 0.917125
9 6 4 0.765509
9 6 5 0.674936
9 6 6 0.655345
9 6 7 0.710425
9 6 8 0.833463
9 6 9 1.01293
9 7 0 1.3221
9 7 1 1.42342
9 7 2 1.28926
9 7 3 1.07581
9 7 4 0.882702
9 7 5 0.7564
9 7 6 0.710542
9 7 7 0.75059
9 7 8 0.874933
9 7 9 1.07886
9 8 0 1.58641
9 8 1 1.74485
9 8 2 1.57175
9 8 3 1.29356
9 8 4 1.05033
9 8 5 0.893593
9 8 6 0.83355
9 8 7 0.875135
9 8 8 1.01932
9 8 9 1.26886
9 9 0 2.00075
9 9 1 2.1736
9 9 2 1.87713
9 9 3 1.51149
9 9 4 1.22946
9 9 5 1.06313
9 9 6 1.01232
9 9 7 1.0791
9 9 8 1.26759
9 9 9 1.58471
