0 4019.01
1 1944.51
2 641.074
3 266.222
4 81.478
5 40.2894
6 7.74744
7 8.0091
8 -0.987884
9 2.74078
10 -1.50762
11 1.52929
12 -1.19487
13 1.06527
14 -0.913487
15 0.809142
16 -0.71699
17 0.643146
18 -0.580382
19 0.527671
20 -0.482612
21 0.443965
22 -0.410538
23 0.381475
24 -0.356066
25 0.333748
26 -0.314063
27 0.296636
28 -0.281158
29 0.267373
30 -0.255067
31 0.244062
32 -0.234205
33 0.225368
34 -0.217443
35 0.210335
36 -0.203966
37 0.198266
38 -0.193177
39 0.188649
40 -0.184638
41 0.181106
42 -0.178022
43 0.175359
44 -0.173094
45 0.171208
46 -0.169685
47 0.168513
48 -0.167683
49 0.167187
50 -0.167022
51 0.167187
52 -0.167683
53 0.168513
54 -0.169685
55 0.171208
56 -0.173094
57 0.175359
58 -0.178022
59 0.181106
60 -0.184638
61 0.188649
62 -0.193177
63 0.198266
64 -0.203966
65 0.210335
66 -0.217443
67 0.225368
68 -0.234205
69 0.244062
70 -0.255067
71 0.267373
72 -0.281158
73 0.296636
74 -0.314063
75 0.333748
76 -0.356066
77 0.381475
78 -0.410538
79 0.443965
80 -0.482612
81 0.527671
82 -0.580382
83 0.643146
84 -0.71699
85 0.809142
86 -0.913487
87 1.06527
88 -1.19487
89 1.52929
90 -1.50762
91 2.74078
92 -0.987884
93 8.0091
94 7.74744
95 40.2894
96 81.478
97 266.222
98 641.074
99 1944.51
