0 609.181
1 553.411
2 486.108
3 429.88
4 378.899
5 334.667
6 295.148
7 260.61
8 229.882
9 202.956
10 179.042
11 158.062
12 139.444
13 123.102
14 108.605
15 95.8776
16 84.5885
17 74.6775
18 65.8859
19 58.1693
20 51.3226
21 45.3156
22 39.9837
23 35.3087
24 31.1571
25 27.52
26 24.2881
27 21.4601
28 18.9453
29 16.7482
30 14.7929
31 13.0883
32 11.5701
33 10.2506
34 9.07436
35 8.05662
36 7.14896
37 6.36863
38 5.6729
39 5.08058
40 4.55342
41 4.11153
42 3.72021
43 3.40061
44 3.1209
45 2.90316
46 2.71784
47 2.58793
48 2.48571
49 2.43511
50 2.40992
51 2.43511
52 2.48571
53 2.58793
54 2.71784
55 2.90316
56 3.1209
57 3.40061
58 3.72021
59 4.11153
60 4.55342
61 5.08058
62 5.6729
63 6.36863
64 7.14896
65 8.05662
66 9.07436
67 10.2506
68 11.5701
69 13.0883
70 14.7929
71 16.7482
72 18.9453
73 21.4601
74 24.2881
75 27.52
76 31.1571
77 35.3087
78 39.9837
79 45.3156
80 51.3226
81 58.1693
82 65.8859
83 74.6775
84 84.5885
85 95.8776
86 108.605
87 123.102
88 139.444
89 158.062
90 179.042
91 202.956
92 229.882
93 260.61
94 295.148
95 334.667
96 378.899
97 429.88
98 486.108
99 553.411
