0 2248.79
1 1545.04
2 909.721
3 562.727
4 335.457
5 207.102
6 123.135
7 76.4843
8 45.0228
9 28.3835
10 16.3456
11 10.6332
12 5.84389
13 4.06222
14 2.01531
15 1.61544
16 0.631858
17 0.693984
18 0.141207
19 0.339234
20 -0.0256347
21 0.196836
22 -0.0766106
23 0.135315
24 -0.0873062
25 0.105551
26 -0.0849099
27 0.0889649
28 -0.0789971
29 0.0783632
30 -0.0727903
31 0.0708462
32 -0.0672594
33 0.0651637
34 -0.0626046
35 0.0607217
36 -0.0587845
37 0.0572023
38 -0.055698
39 0.0544149
40 -0.0532447
41 0.0522347
42 -0.0513405
43 0.0505757
44 -0.0499208
45 0.049378
46 -0.0489382
47 0.0486007
48 -0.0483609
49 0.0482182
50 -0.0481705
51 0.0482182
52 -0.0483609
53 0.0486007
54 -0.0489382
55 0.049378
56 -0.0499208
57 0.0505757
58 -0.0513405
59 0.0522347
60 -0.0532447
61 0.0544149
62 -0.055698
63 0.0572023
64 -0.0587845
65 0.0607217
66 -0.0626046
67 0.0651637
68 -0.0672594
69 0.0708462
70 -0.0727903
71 0.0783632
72 -0.0789971
73 0.0889649
74 -0.0849099
75 0.105551
76 -0.0873062
77 0.135315
78 -0.0766106
79 0.196836
80 -0.0256347
81 0.339234
82 0.141207
83 0.693984
84 0.631858
85 1.61544
86 2.01531
87 4.06222
88 5.84389
89 10.6332
90 16.3456
91 28.3835
92 45.0228
93 76.4843
94 123.135
95 207.102
96 335.457
97 562.727
98 909.721
99 1545.04
