0 60917.7
1 55340.6
2 48610.5
3 42987.4
4 37889.5
5 33466.1
6 29514.3
7 26060.3
8 22987.6
9 20294.7
10 17903.4
11 15805.1
12 13943.4
13 12308.9
14 10859.2
15 9586.1
16 8457.21
17 7465.66
18 6586.47
19 5814.29
20 5129.51
21 4528.21
22 3994.83
23 3526.61
24 3111.14
25 2746.57
26 2422.91
27 2139.07
28 1886.93
29 1665.95
30 1469.5
31 1297.48
32 1144.41
33 1010.51
34 891.237
35 787.021
36 694.065
37 612.963
38 540.509
39 477.405
40 420.921
41 371.83
42 327.788
43 289.606
44 255.257
45 225.569
46 198.772
47 175.695
48 154.782
49 136.852
50 120.524
51 106.6
52 93.8457
53 83.0386
54 73.0693
55 64.6878
56 56.8896
57 50.3953
58 44.2898
59 39.2633
60 34.4779
61 30.5929
62 26.8372
63 23.8397
64 20.8873
65 18.5795
66 16.2542
67 14.4823
68 12.6466
69 11.2907
70 9.83752
71 8.80459
72 7.65037
73 6.86786
74 5.94753
75 5.35904
76 4.62182
77 4.18352
78 3.5898
79 3.2676
80 2.78647
81 2.55388
82 2.16123
83 1.99766
84 1.67465
85 1.56412
86 1.29604
87 1.22616
88 1.0015
89 0.962636
90 0.772412
91 0.757113
92 0.594283
93 0.596776
94 0.455824
95 0.471645
96 0.348246
97 0.373947
98 0.264703
99 0.297626
100 0.199867
101 0.237967
102 0.149587
103 0.191296
104 0.110632
105 0.15475
106 0.0804869
107 0.1261
108 0.0571934
109 0.103608
110 0.0392268
111 0.0859215
112 0.0254002
113 0.0719855
114 0.0147899
115 0.0609781
116 0.00667698
117 0.0522586
118 0.000502053
119 0.0453278
120 -0.00417016
121 0.0397964
122 -0.00767825
123 0.0353609
124 -0.0102855
125 0.0317845
126 -0.0121968
127 0.0288825
128 -0.0135711
129 0.0265107
130 -0.0145321
131 0.0245566
132 -0.0151759
133 0.0229323
134 -0.015577
135 0.0215691
136 -0.0157932
137 0.0204132
138 -0.0158693
139 0.0194226
140 -0.01584
141 0.0185643
142 -0.015732
143 0.0178125
144 -0.0155662
145 0.0171468
146 -0.0153585
147 0.0165512
148 -0.0151211
149 0.0160133
150 -0.0148634
151 0.0155229
152 -0.0145927
153 0.0150722
154 -0.0143143
155 0.014655
156 -0.0140325
157 0.0142662
158 -0.0137504
159 0.0139019
160 -0.0134702
161 0.0135587
162 -0.0131936
163 0.0132342
164 -0.0129219
165 0.0129261
166 -0.0126559
167 0.0126327
168 -0.0123963
169 0.0123526
170 -0.0121433
171 0.0120845
172 -0.0118972
173 0.0118275
174 -0.011658
175 0.0115806
176 -0.0114259
177 0.0113432
178 -0.0112007
179 0.0111147
180 -0.0109823
181 0.0108943
182 -0.0107706
183 0.0106818
184 -0.0105654
185 0.0104765
186 -0.0103665
187 0.0102782
188 -0.0101737
189 0.0100865
190 -0.00998689
191 0.00990097
192 -0.00980576
193 0.00972144
194 -0.00963015
195 0.0095476
196 -0.00945987
197 0.00937919
198 -0.00929472
199 0.00921599
200 -0.00913453
201 0.00905776
202 -0.0089791
203 0.00890431
204 -0.00882826
205 0.00875544
206 -0.00868184
207 0.00861096
208 -0.00853969
209 0.00847072
210 -0.00840164
211 0.00833454
212 -0.00826754
213 0.00820227
214 -0.00813726
215 0.00807377
216 -0.00801065
217 0.00794889
218 -0.00788759
219 0.00782751
220 -0.00776795
221 0.00770949
222 -0.0076516
223 0.00759472
224 -0.00753843
225 0.00748309
226 -0.00742834
227 0.00737447
228 -0.00732122
229 0.00726878
230 -0.00721696
231 0.0071659
232 -0.00711546
233 0.00706575
234 -0.00701664
235 0.00696823
236 -0.00692041
237 0.00687326
238 -0.00682668
239 0.00678074
240 -0.00673537
241 0.00669061
242 -0.0066464
243 0.00660278
244 -0.0065597
245 0.00651718
246 -0.00647519
247 0.00643374
248 -0.0063928
249 0.00635238
250 -0.00631247
251 0.00627306
252 -0.00623413
253 0.00619569
254 -0.00615773
255 0.00612023
256 -0.0060832
257 0.00604662
258 -0.00601048
259 0.00597479
260 -0.00593953
261 0.0059047
262 -0.00587029
263 0.00583629
264 -0.00580271
265 0.00576952
266 -0.00573674
267 0.00570434
268 -0.00567233
269 0.0056407
270 -0.00560944
271 0.00557855
272 -0.00554802
273 0.00551786
274 -0.00548805
275 0.00545858
276 -0.00542946
277 0.00540068
278 -0.00537223
279 0.00534411
280 -0.00531632
281 0.00528884
282 -0.00526168
283 0.00523484
284 -0.0052083
285 0.00518206
286 -0.00515613
287 0.00513049
288 -0.00510514
289 0.00508008
290 -0.0050553
291 0.0050308
292 -0.00500658
293 0.00498263
294 -0.00495895
295 0.00493553
296 -0.00491238
297 0.00488949
298 -0.00486685
299 0.00484446
300 -0.00482233
301 0.00480043
302 -0.00477879
303 0.00475738
304 -0.00473621
305 0.00471527
306 -0.00469456
307 0.00467408
308 -0.00465383
309 0.0046338
310 -0.00461399
311 0.00459439
312 -0.00457502
313 0.00455585
314 -0.00453689
315 0.00451814
316 -0.0044996
317 0.00448125
318 -0.00446311
319 0.00444516
320 -0.00442741
321 0.00440986
322 -0.00439249
323 0.00437531
324 -0.00435832
325 0.00434151
326 -0.00432489
327 0.00430844
328 -0.00429217
329 0.00427608
330 -0.00426017
331 0.00424442
332 -0.00422885
333 0.00421345
334 -0.00419821
335 0.00418313
336 -0.00416822
337 0.00415347
338 -0.00413888
339 0.00412445
340 -0.00411018
341 0.00409606
342 -0.00408209
343 0.00406828
344 -0.00405461
345 0.00404109
346 -0.00402772
347 0.0040145
348 -0.00400142
349 0.00398848
350 -0.00397568
351 0.00396302
352 -0.0039505
353 0.00393812
354 -0.00392587
355 0.00391376
356 -0.00390178
357 0.00388993
358 -0.00387821
359 0.00386662
360 -0.00385516
361 0.00384382
362 -0.00383261
363 0.00382153
364 -0.00381057
365 0.00379973
366 -0.00378901
367 0.00377841
368 -0.00376793
369 0.00375756
370 -0.00374732
371 0.00373719
372 -0.00372717
373 0.00371727
374 -0.00370748
375 0.0036978
376 -0.00368823
377 0.00367877
378 -0.00366942
379 0.00366018
380 -0.00365104
381 0.00364201
382 -0.00363309
383 0.00362427
384 -0.00361555
385 0.00360693
386 -0.00359842
387 0.00359001
388 -0.0035817
389 0.00357349
390 -0.00356537
391 0.00355735
392 -0.00354943
393 0.00354161
394 -0.00353388
395 0.00352625
396 -0.00351871
397 0.00351127
398 -0.00350392
399 0.00349665
400 -0.00348948
401 0.00348241
402 -0.00347542
403 0.00346852
404 -0.00346171
405 0.00345499
406 -0.00344835
407 0.0034418
408 -0.00343534
409 0.00342897
410 -0.00342268
411 0.00341647
412 -0.00341035
413 0.00340431
414 -0.00339836
415 0.00339248
416 -0.0033867
417 0.00338099
418 -0.00337536
419 0.00336981
420 -0.00336434
421 0.00335896
422 -0.00335365
423 0.00334842
424 -0.00334327
425 0.00333819
426 -0.00333319
427 0.00332827
428 -0.00332343
429 0.00331866
430 -0.00331397
431 0.00330935
432 -0.00330481
433 0.00330035
434 -0.00329595
435 0.00329163
436 -0.00328739
437 0.00328321
438 -0.00327911
439 0.00327508
440 -0.00327113
441 0.00326724
442 -0.00326343
443 0.00325969
444 -0.00325601
445 0.00325241
446 -0.00324888
447 0.00324542
448 -0.00324203
449 0.0032387
450 -0.00323545
451 0.00323226
452 -0.00322915
453 0.0032261
454 -0.00322312
455 0.0032202
456 -0.00321736
457 0.00321458
458 -0.00321187
459 0.00320922
460 -0.00320664
461 0.00320413
462 -0.00320168
463 0.00319931
464 -0.00319699
465 0.00319474
466 -0.00319256
467 0.00319044
468 -0.00318839
469 0.0031864
470 -0.00318448
471 0.00318262
472 -0.00318082
473 0.00317909
474 -0.00317743
475 0.00317582
476 -0.00317428
477 0.00317281
478 -0.0031714
479 0.00317005
480 -0.00316877
481 0.00316755
482 -0.00316639
483 0.00316529
484 -0.00316426
485 0.00316329
486 -0.00316239
487 0.00316154
488 -0.00316076
489 0.00316005
490 -0.00315939
491 0.0031588
492 -0.00315827
493 0.0031578
494 -0.0031574
495 0.00315705
496 -0.00315677
497 0.00315655
498 -0.0031564
499 0.0031563
500 -0.00315627
501 0.0031563
502 -0.0031564
503 0.00315655
504 -0.00315677
505 0.00315705
506 -0.0031574
507 0.0031578
508 -0.00315827
509 0.0031588
510 -0.00315939
511 0.00316004
512 -0.00316076
513 0.00316154
514 -0.00316239
515 0.00316329
516 -0.00316426
517 0.00316529
518 -0.00316639
519 0.00316755
520 -0.00316877
521 0.00317005
522 -0.0031714
523 0.00317281
524 -0.00317428
525 0.00317582
526 -0.00317742
527 0.00317909
528 -0.00318082
529 0.00318262
530 -0.00318447
531 0.0031864
532 -0.00318839
533 0.00319044
534 -0.00319256
535 0.00319474
536 -0.00319699
537 0.00319931
538 -0.00320169
539 0.00320413
540 -0.00320664
541 0.00320922
542 -0.00321187
543 0.00321458
544 -0.00321736
545 0.0032202
546 -0.00322312
547 0.0032261
548 -0.00322915
549 0.00323226
550 -0.00323545
551 0.0032387
552 -0.00324203
553 0.00324542
554 -0.00324888
555 0.00325241
556 -0.00325601
557 0.00325969
558 -0.00326343
559 0.00326724
560 -0.00327113
561 0.00327508
562 -0.00327911
563 0.00328321
564 -0.00328739
565 0.00329163
566 -0.00329595
567 0.00330035
568 -0.00330481
569 0.00330935
570 -0.00331397
571 0.00331866
572 -0.00332343
573 0.00332827
574 -0.00333319
575 0.00333819
576 -0.00334327
577 0.00334842
578 -0.00335365
579 0.00335896
580 -0.00336434
581 0.00336981
582 -0.00337536
583 0.00338099
584 -0.0033867
585 0.00339249
586 -0.00339836
587 0.00340431
588 -0.00341035
589 0.00341647
590 -0.00342268
591 0.00342897
592 -0.00343534
593 0.0034418
594 -0.00344835
595 0.00345499
596 -0.00346171
597 0.00346852
598 -0.00347542
599 0.00348241
600 -0.00348949
601 0.00349665
602 -0.00350392
603 0.00351127
604 -0.00351871
605 0.00352625
606 -0.00353388
607 0.00354161
608 -0.00354944
609 0.00355735
610 -0.00356537
611 0.00357348
612 -0.0035817
613 0.00359001
614 -0.00359842
615 0.00360693
616 -0.00361555
617 0.00362427
618 -0.00363309
619 0.00364201
620 -0.00365104
621 0.00366018
622 -0.00366942
623 0.00367877
624 -0.00368823
625 0.0036978
626 -0.00370747
627 0.00371727
628 -0.00372717
629 0.00373719
630 -0.00374732
631 0.00375756
632 -0.00376793
633 0.00377841
634 -0.00378901
635 0.00379973
636 -0.00381057
637 0.00382153
638 -0.00383261
639 0.00384382
640 -0.00385516
641 0.00386662
642 -0.00387821
643 0.00388993
644 -0.00390178
645 0.00391376
646 -0.00392587
647 0.00393812
648 -0.0039505
649 0.00396302
650 -0.00397568
651 0.00398848
652 -0.00400142
653 0.0040145
654 -0.00402772
655 0.00404109
656 -0.00405461
657 0.00406828
658 -0.00408209
659 0.00409606
660 -0.00411018
661 0.00412445
662 -0.00413888
663 0.00415347
664 -0.00416822
665 0.00418313
666 -0.00419821
667 0.00421344
668 -0.00422885
669 0.00424442
670 -0.00426017
671 0.00427608
672 -0.00429217
673 0.00430844
674 -0.00432489
675 0.00434151
676 -0.00435832
677 0.00437531
678 -0.00439249
679 0.00440986
680 -0.00442742
681 0.00444516
682 -0.00446311
683 0.00448125
684 -0.0044996
685 0.00451814
686 -0.00453689
687 0.00455585
688 -0.00457502
689 0.00459439
690 -0.00461399
691 0.0046338
692 -0.00465383
693 0.00467408
694 -0.00469456
695 0.00471527
696 -0.00473621
697 0.00475738
698 -0.00477879
699 0.00480043
700 -0.00482233
701 0.00484446
702 -0.00486685
703 0.00488949
704 -0.00491238
705 0.00493553
706 -0.00495895
707 0.00498263
708 -0.00500658
709 0.0050308
710 -0.0050553
711 0.00508008
712 -0.00510514
713 0.00513049
714 -0.00515613
715 0.00518207
716 -0.0052083
717 0.00523484
718 -0.00526168
719 0.00528884
720 -0.00531632
721 0.00534411
722 -0.00537223
723 0.00540068
724 -0.00542946
725 0.00545858
726 -0.00548804
727 0.00551786
728 -0.00554803
729 0.00557855
730 -0.00560944
731 0.0056407
732 -0.00567233
733 0.00570434
734 -0.00573673
735 0.00576952
736 -0.00580271
737 0.00583629
738 -0.00587029
739 0.0059047
740 -0.00593953
741 0.00597479
742 -0.00601048
743 0.00604662
744 -0.0060832
745 0.00612023
746 -0.00615773
747 0.00619569
748 -0.00623413
749 0.00627306
750 -0.00631247
751 0.00635239
752 -0.0063928
753 0.00643374
754 -0.00647519
755 0.00651718
756 -0.0065597
757 0.00660278
758 -0.0066464
759 0.00669061
760 -0.00673537
761 0.00678074
762 -0.00682668
763 0.00687326
764 -0.00692041
765 0.00696823
766 -0.00701665
767 0.00706575
768 -0.00711546
769 0.00716591
770 -0.00721696
771 0.00726878
772 -0.00732122
773 0.00737448
774 -0.00742834
775 0.00748309
776 -0.00753843
777 0.00759472
778 -0.0076516
779 0.00770949
780 -0.00776795
781 0.00782751
782 -0.00788759
783 0.0079489
784 -0.00801065
785 0.00807377
786 -0.00813726
787 0.00820227
788 -0.00826754
789 0.00833454
790 -0.00840164
791 0.00847072
792 -0.00853969
793 0.00861096
794 -0.00868184
795 0.00875543
796 -0.00882826
797 0.00890431
798 -0.00897909
799 0.00905776
800 -0.00913453
801 0.00921599
802 -0.00929472
803 0.00937919
804 -0.00945987
805 0.0095476
806 -0.00963015
807 0.00972144
808 -0.00980576
809 0.00990096
810 -0.00998689
811 0.0100865
812 -0.0101737
813 0.0102782
814 -0.0103665
815 0.0104765
816 -0.0105654
817 0.0106818
818 -0.0107706
819 0.0108943
820 -0.0109823
821 0.0111147
822 -0.0112007
823 0.0113432
824 -0.0114259
825 0.0115806
826 -0.011658
827 0.0118275
828 -0.0118972
829 0.0120845
830 -0.0121433
831 0.0123526
832 -0.0123963
833 0.0126327
834 -0.0126559
835 0.0129261
836 -0.0129219
837 0.0132342
838 -0.0131936
839 0.0135587
840 -0.0134702
841 0.0139019
842 -0.0137504
843 0.0142662
844 -0.0140326
845 0.014655
846 -0.0143143
847 0.0150722
848 -0.0145927
849 0.0155229
850 -0.0148634
851 0.0160133
852 -0.0151211
853 0.0165512
854 -0.0153585
855 0.0171468
856 -0.0155662
857 0.0178125
858 -0.015732
859 0.0185643
860 -0.01584
861 0.0194226
862 -0.0158693
863 0.0204132
864 -0.0157932
865 0.0215691
866 -0.015577
867 0.0229323
868 -0.0151759
869 0.0245566
870 -0.0145321
871 0.0265107
872 -0.0135711
873 0.0288825
874 -0.0121968
875 0.0317845
876 -0.0102855
877 0.0353609
878 -0.00767825
879 0.0397964
880 -0.00417016
881 0.0453278
882 0.000502053
883 0.0522586
884 0.00667698
885 0.0609781
886 0.0147899
887 0.0719855
888 0.0254002
889 0.0859215
890 0.0392268
891 0.103608
892 0.0571934
893 0.1261
894 0.0804869
895 0.15475
896 0.110632
897 0.191296
898 0.149587
899 0.237967
900 0.199867
901 0.297626
902 0.264703
903 0.373947
904 0.348246
905 0.471645
906 0.455824
907 0.596776
908 0.594283
909 0.757113
910 0.772412
911 0.962636
912 1.0015
913 1.22616
914 1.29604
915 1.56412
916 1.67465
917 1.99766
918 2.16123
919 2.55388
920 2.78647
921 3.2676
922 3.5898
923 4.18352
924 4.62182
925 5.35904
926 5.94753
927 6.86786
928 7.65037
929 8.80459
930 9.83752
931 11.2907
932 12.6466
933 14.4823
934 16.2542
935 18.5795
936 20.8873
937 23.8397
938 26.8372
939 30.5929
940 34.4779
941 39.2633
942 44.2898
943 50.3953
944 56.8896
945 64.6878
946 73.0693
947 83.0386
948 93.8457
949 106.6
950 120.524
951 136.852
952 154.782
953 175.695
954 198.772
955 225.569
956 255.257
957 289.606
958 327.788
959 371.83
960 420.921
961 477.405
962 540.509
963 612.963
964 694.065
965 787.021
966 891.237
967 1010.51
968 1144.41
969 1297.48
970 1469.5
971 1665.95
972 1886.93
973 2139.07
974 2422.91
975 2746.57
976 3111.14
977 3526.61
978 3994.83
979 4528.21
980 5129.51
981 5814.29
982 6586.47
983 7465.66
984 8457.21
985 9586.1
986 10859.2
987 12308.9
988 13943.4
989 15805.1
990 17903.4
991 20294.7
992 22987.6
993 26060.3
994 29514.3
995 33466.1
996 37889.5
997 42987.4
998 48610.5
999 55340.6
