0 1186.8
1 980.843
2 755.594
3 591.724
4 459.104
5 358.62
6 278.567
7 217.474
8 168.97
9 131.907
10 102.477
11 80.0178
12 62.1423
13 48.5465
14 37.6781
15 29.4576
16 22.8409
17 17.8784
18 13.8428
19 10.8541
20 8.38633
21 6.59262
22 5.07775
23 4.00702
24 3.0718
25 2.43805
26 1.85581
27 1.48581
28 1.11883
29 0.907751
30 0.672298
31 0.556734
32 0.401852
33 0.343506
34 0.238147
35 0.213928
36 0.139137
37 0.135159
38 0.0793383
39 0.0872857
40 0.0433129
41 0.0582431
42 0.0217265
43 0.0407415
44 0.00896082
45 0.0304083
46 0.00167569
47 0.024675
48 -0.0020451
49 0.022123
50 -0.00318472
51 0.022123
52 -0.0020451
53 0.024675
54 0.00167569
55 0.0304083
56 0.00896082
57 0.0407415
58 0.0217265
59 0.0582431
60 0.0433129
61 0.0872857
62 0.0793383
63 0.135159
64 0.139137
65 0.213928
66 0.238147
67 0.343506
68 0.401852
69 0.556734
70 0.672298
71 0.907751
72 1.11883
73 1.48581
74 1.85581
75 2.43805
76 3.0718
77 4.00702
78 5.07775
79 6.59262
80 8.38633
81 10.8541
82 13.8428
83 17.8784
84 22.8409
85 29.4576
86 37.6781
87 48.5465
88 62.1423
89 80.0178
90 102.477
91 131.907
92 168.97
93 217.474
94 278.567
95 358.62
96 459.104
97 591.724
98 755.594
99 980.843
