0 0 0 14.3652
0 0 1 8.82688
0 0 2 5.05334
0 0 3 3.47394
0 0 4 2.84533
0 0 5 2.69342
0 0 6 2.84533
0 0 7 3.47394
0 0 8 5.05334
0 0 9 8.82688
0 1 0 8.85865
0 1 1 4.33184
0 1 2 2.24578
0 1 3 1.60437
0 1 4 1.56793
0 1 5 1.85913
0 1 6 2.42957
0 1 7 3.50251
0 1 8 5.48799
0 1 9 8.67123
0 2 0 5.04804
0 2 1 2.28319
0 2 2 0.91342
0 2 3 0.565561
0 2 4 0.633187
0 2 5 0.952775
0 2 6 1.48285
0 2 7 2.38456
0 2 8 3.78337
0 2 9 5.46478
0 3 0 3.45415
0 3 1 1.59865
0 3 2 0.561251
0 3 3 0.25069
0 3 4 0.265444
0 3 5 0.479771
0 3 6 0.852909
0 3 7 1.47601
0 3 8 2.39766
0 3 9 3.50865
0 4 0 2.85063
0 4 1 1.58439
0 4 2 0.631006
0 4 3 0.262072
0 4 4 0.160503
0 4 5 0.241838
0 4 6 0.444899
0 4 7 0.845277
0 4 8 1.47973
0 4 9 2.43069
0 5 0 2.66947
0 5 1 1.85871
0 5 2 0.958183
0 5 3 0.48019
0 5 4 0.248409
0 5 5 0.190048
0 5 6 0.248409
0 5 7 0.48019
0 5 8 0.958183
0 5 9 1.85871
0 6 0 2.85063
0 6 1 2.43069
0 6 2 1.47973
0 6 3 0.845277
0 6 4 0.444899
0 6 5 0.241838
0 6 6 0.160503
0 6 7 0.262072
0 6 8 0.631006
0 6 9 1.58439
0 7 0 3.45415
0 7 1 3.50865
0 7 2 2.39766
0 7 3 1.47601
0 7 4 0.852909
0 7 5 0.479771
0 7 6 0.265444
0 7 7 0.25069
0 7 8 0.561251
0 7 9 1.59865
0 8 0 5.04804
0 8 1 5.46478
0 8 2 3.78337
0 8 3 2.38456
0 8 4 1.48285
0 8 5 0.952775
0 8 6 0.633187
0 8 7 0.565561
0 8 8 0.91342
0 8 9 2.28319
0 9 0 8.85865
0 9 1 8.67123
0 9 2 5.48799
0 9 3 3.50251
0 9 4 2.42957
0 9 5 1.85913
0 9 6 1.56793
0 9 7 1.60437
0 9 8 2.24578
0 9 9 4.33184
1 0 0 8.97262
1 0 1 4.21438
1 0 2 2.20188
1 0 3 1.58758
1 0 4 1.56674
1 0 5 1.87026
1 0 6 2.453
1 0 7 3.54148
1 0 8 5.55454
1 0 9 8.83374
1 1 0 4.23005
1 1 1 1.34299
1 1 2 0.314022
1 1 3 0.20467
1 1 4 0.47289
1 1 5 0.967832
1 1 6 1.70099
1 1 7 2.86769
1 1 8 4.64031
1 1 9 6.34625
1 2 0 2.19871
1 2 1 0.332086
1 2 2 -0.344967
1 2 3 -0.352549
1 2 4 -0.0937247
1 2 5 0.340433
1 2 6 0.94737
1 2 7 1.84389
1 2 8 2.99526
1 2 9 3.74862
1 3 0 1.57794
1 3 1 0.201291
1 3 2 -0.355294
1 3 3 -0.407385
1 3 4 -0.242803
1 3 5 0.0647821
1 3 6 0.501269
1 3 7 1.13346
1 3 8 1.91961
1 3 9 2.48859
1 4 0 1.56991
1 4 1 0.481402
1 4 2 -0.0949476
1 4 3 -0.244461
1 4 4 -0.202855
1 4 5 -0.0250595
1 4 6 0.258501
1 4 7 0.709192
1 4 8 1.32162
1 4 9 1.94889
1 5 0 1.85818
1 5 1 0.967509
1 5 2 0.34299
1 5 3 0.0651043
1 5 4 -0.0215784
1 5 5 0.0318246
1 5 6 0.194042
1 5 7 0.523333
1 5 8 1.0681
1 5 9 1.81036
1 6 0 2.45617
1 6 1 1.70164
1 6 2 0.945426
1 6 3 0.497242
1 6 4 0.258501
1 6 5 0.19056
1 6 6 0.247545
1 6 7 0.496898
1 6 8 1.02511
1 6 9 1.95407
1 7 0 3.53184
1 7 1 2.87139
1 7 2 1.85058
1 7 3 1.13346
1 7 4 0.713219
1 7 5 0.523011
1 7 6 0.498556
1 7 7 0.704699
1 7 8 1.28513
1 7 9 2.47545
1 8 0 5.55138
1 8 1 4.62875
1 8 2 2.99526
1 8 3 1.91292
1 8 4 1.32356
1 8 5 1.06554
1 8 6 1.02634
1 8 7 1.28787
1 8 8 2.06314
1 8 9 3.76607
1 9 0 8.84941
1 9 1 6.34625
1 9 2 3.76018
1 9 3 2.48489
1 9 4 1.94823
1 9 5 1.81068
1 9 6 1.94556
1 9 7 2.47883
1 9 8 3.74801
1 9 9 6.31617
2 0 0 5.02998
2 0 1 2.30175
2 0 2 0.920672
2 0 3 0.568196
2 0 4 0.633195
2 0 5 0.950715
2 0 6 1.47872
2 0 7 2.37781
2 0 8 3.77181
2 0 9 5.43656
2 1 0 2.33352
2 1 1 0.340161
2 1 2 -0.338035
2 1 3 -0.342886
2 1 4 -0.0822157
2 1 5 0.353412
2 1 6 0.961792
2 1 7 1.86007
2 1 8 3.01461
2 1 9 3.79205
2 2 0 0.915374
2 2 1 -0.30063
2 2 2 -0.762439
2 2 3 -0.70888
2 2 4 -0.472825
2 2 5 -0.0972837
2 2 6 0.395157
2 2 7 1.07399
2 2 8 1.7943
2 2 9 2.0487
2 3 0 0.548403
2 3 1 -0.3486
2 3 2 -0.71319
2 3 3 -0.702062
2 3 4 -0.540582
2 3 5 -0.267247
2 3 6 0.0944526
2 3 7 0.581307
2 3 8 1.08498
2 3 9 1.29445
2 4 0 0.638493
2 4 1 -0.065762
2 4 2 -0.475006
2 4 3 -0.543954
2 4 4 -0.48314
2 4 5 -0.309996
2 4 6 -0.0645276
2 4 7 0.300929
2 4 8 0.712305
2 4 9 1.02308
2 5 0 0.926756
2 5 1 0.352994
2 5 2 -0.0918752
2 5 3 -0.266828
2 5 4 -0.303426
2 5 5 -0.224646
2 5 6 -0.0626239
2 5 7 0.22848
2 5 8 0.631775
2 5 9 1.05696
2 6 0 1.48402
2 6 1 0.962913
2 6 2 0.39204
2 6 3 0.0868212
2 6 4 -0.0645276
2 6 5 -0.0691948
2 6 6 0.0251982
2 6 7 0.283447
2 6 8 0.714671
2 6 9 1.32807
2 7 0 2.35802
2 7 1 1.8662
2 7 2 1.08709
2 7 3 0.581307
2 7 4 0.30856
2 7 5 0.228062
2 7 6 0.286819
2 7 7 0.547139
2 7 8 1.07082
2 7 9 1.89048
2 8 0 3.76651
2 8 1 2.9914
2 8 2 1.7943
2 8 3 1.07188
2 8 4 0.715422
2 8 5 0.626366
2 8 6 0.716852
2 8 7 1.07513
2 8 8 1.80087
2 8 9 3.00723
2 9 0 5.46833
2 9 1 3.79205
2 9 2 2.07191
2 9 3 1.28832
2 9 4 1.02196
2 9 5 1.05738
2 9 6 1.31161
2 9 7 1.89619
2 9 8 2.96983
2 9 9 4.56941
3 0 0 3.38294
3 0 1 1.54273
3 0 2 0.537145
3 0 3 0.235267
3 0 4 0.254787
3 0 5 0.472879
3 0 6 0.849794
3 0 7 1.47771
3 0 8 2.40778
3 0 9 3.53702
3 1 0 1.5584
3 1 1 0.206128
3 1 2 -0.353727
3 1 3 -0.407645
3 1 4 -0.244152
3 1 5 0.0625712
3 1 6 0.498198
3 1 7 1.1293
3 1 8 1.91343
3 1 9 2.47349
3 2 0 0.533979
3 2 1 -0.335662
3 2 2 -0.707908
3 2 3 -0.700237
3 2 4 -0.540739
3 2 5 -0.268961
3 2 6 0.0911821
3 2 7 0.57605
3 2 8 1.07599
3 2 9 1.27294
3 3 0 0.225634
3 3 1 -0.411024
3 3 2 -0.702982
3 3 3 -0.715468
3 3 4 -0.606231
3 3 5 -0.406252
3 3 6 -0.139938
3 3 7 0.21068
3 3 8 0.558717
3 3 9 0.709235
3 4 0 0.257954
3 4 1 -0.235641
3 4 2 -0.541962
3 4 3 -0.607888
3 4 4 -0.569529
3 4 5 -0.442777
3 4 6 -0.259924
3 4 7 0.00463777
3 4 8 0.289648
3 4 9 0.50092
3 5 0 0.460803
3 5 1 0.062249
3 5 2 -0.266405
3 5 3 -0.405929
3 5 4 -0.439296
3 5 5 -0.381315
3 5 6 -0.259105
3 5 7 -0.0451649
3 5 8 0.235285
3 5 9 0.525084
3 6 0 0.852961
3 6 1 0.498853
3 6 2 0.0892386
3 6 3 -0.143965
3 6 4 -0.259924
3 6 5 -0.262587
3 6 6 -0.186799
3 6 7 0.00707113
3 6 8 0.311889
3 6 9 0.72481
3 7 0 1.46807
3 7 1 1.133
3 7 2 0.582742
3 7 3 0.21068
3 7 4 0.00866475
3 7 5 -0.0454872
3 7 6 0.00872889
3 7 7 0.210817
3 7 8 0.582977
3 7 9 1.13403
3 8 0 2.40462
3 8 1 1.90187
3 8 2 1.07599
3 8 3 0.552025
3 8 4 0.291592
3 8 5 0.232728
3 8 6 0.313112
3 8 7 0.585721
3 8 8 1.09149
3 8 9 1.87431
3 9 0 3.55269
3 9 1 2.47349
3 9 2 1.2845
3 9 3 0.705534
3 9 4 0.500266
3 9 5 0.525406
3 9 6 0.716298
3 9 7 1.13741
3 9 8 1.85624
3 9 9 2.88467
4 0 0 2.86869
4 0 1 1.59649
4 0 2 0.636221
4 0 3 0.26564
4 0 4 0.163225
4 0 5 0.243898
4 0 6 0.446295
4 0 7 0.845824
4 0 8 1.47883
4 0 9 2.42824
4 1 0 1.62826
4 1 1 0.457167
4 1 2 -0.10345
4 1 3 -0.24592
4 1 4 -0.200204
4 1 5 -0.0191638
4 1 6 0.26763
4 1 7 0.722405
4 1 8 1.34225
4 1 9 1.99803
4 2 0 0.630923
4 2 1 -0.0660447
4 2 2 -0.475382
4 2 3 -0.544524
4 2 4 -0.48385
4 2 5 -0.31082
4 2 6 -0.0654646
4 2 7 0.299856
4 2 8 0.710994
4 2 9 1.01972
4 3 0 0.245847
4 3 1 -0.251634
4 3 2 -0.548835
4 3 3 -0.611883
4 3 4 -0.571947
4 3 5 -0.443958
4 3 6 -0.259864
4 3 7 0.00628233
4 3 8 0.294124
4 3 9 0.512155
4 4 0 0.168523
4 4 1 -0.18375
4 4 2 -0.48603
4 4 3 -0.575319
4 4 4 -0.585525
4 4 5 -0.509939
4 4 6 -0.392041
4 4 7 -0.196324
4 4 8 0.0203219
4 4 9 0.252925
4 5 0 0.219939
4 5 1 -0.0195824
4 5 2 -0.305412
4 5 3 -0.443539
4 5 4 -0.503368
4 5 5 -0.482249
4 5 6 -0.412495
4 5 7 -0.264929
4 5 8 -0.0650224
4 5 9 0.190568
4 6 0 0.451593
4 6 1 0.268751
4 6 2 -0.0685816
4 6 3 -0.267496
4 6 4 -0.392041
4 6 5 -0.419066
4 6 6 -0.391788
4 6 7 -0.26692
4 6 8 -0.0674205
4 6 9 0.271548
4 7 0 0.826031
4 7 1 0.728538
4 7 2 0.312956
4 7 3 0.00628233
4 7 4 -0.188692
4 7 5 -0.265347
4 7 6 -0.263548
4 7 7 -0.148682
4 7 8 0.0824611
4 7 9 0.483256
4 8 0 1.47353
4 8 1 1.31904
4 8 2 0.710994
4 8 3 0.281024
4 8 4 0.0234389
4 8 5 -0.0704309
4 8 6 -0.0652395
4 8 7 0.0867716
4 8 8 0.393094
4 8 9 0.965926
4 9 0 2.46002
4 9 1 1.99803
4 9 2 1.04292
4 9 3 0.506022
4 9 4 0.251804
4 9 5 0.190987
4 9 6 0.255094
4 9 7 0.48897
4 9 8 0.928521
4 9 9 1.65968
5 0 0 2.58396
5 0 1 1.84121
5 0 2 0.949511
5 0 3 0.471742
5 0 4 0.239937
5 0 5 0.181568
5 0 6 0.239937
5 0 7 0.471742
5 0 8 0.949511
5 0 9 1.84121
5 1 0 1.85688
5 1 1 0.979465
5 1 2 0.347943
5 1 3 0.0674786
5 1 4 -0.0206383
5 1 5 0.0316402
5 1 6 0.192733
5 1 7 0.520588
5 1 8 1.06273
5 1 9 1.79735
5 2 0 0.946345
5 2 1 0.366008
5 2 2 -0.0858671
5 2 3 -0.262957
5 2 4 -0.300686
5 2 5 -0.222787
5 2 6 -0.0616509
5 2 7 0.228307
5 2 8 0.629508
5 2 9 1.05117
5 3 0 0.462109
5 3 1 0.0640995
5 3 2 -0.265701
5 3 3 -0.405492
5 3 4 -0.439
5 3 5 -0.381131
5 3 6 -0.259033
5 3 7 -0.0452315
5 3 8 0.235
5 3 9 0.524289
5 4 0 0.243104
5 4 1 -0.0121269
5 4 2 -0.301909
5 4 3 -0.440658
5 4 4 -0.500768
5 4 5 -0.479867
5 4 6 -0.410337
5 4 7 -0.26306
5 4 8 -0.0635943
5 4 9 0.193387
5 5 0 0.169493
5 5 1 0.031318
5 5 2 -0.220231
5 5 3 -0.380809
5 5 4 -0.476386
5 5 5 -0.49988
5 5 6 -0.476386
5 5 7 -0.380809
5 5 8 -0.220231
5 5 9 0.031318
5 6 0 0.243104
5 6 1 0.193387
5 6 2 -0.0635943
5 6 3 -0.26306
5 6 4 -0.410337
5 6 5 -0.479867
5 6 6 -0.500768
5 6 7 -0.440658
5 6 8 -0.301909
5 6 9 -0.0121269
5 7 0 0.462109
5 7 1 0.524289
5 7 2 0.235
5 7 3 -0.0452315
5 7 4 -0.259033
5 7 5 -0.381131
5 7 6 -0.439
5 7 7 -0.405492
5 7 8 -0.265701
5 7 9 0.0640995
5 8 0 0.946345
5 8 1 1.05117
5 8 2 0.629508
5 8 3 0.228307
5 8 4 -0.0616509
5 8 5 -0.222787
5 8 6 -0.300686
5 8 7 -0.262957
5 8 8 -0.0858671
5 8 9 0.366008
5 9 0 1.85688
5 9 1 1.79735
5 9 2 1.06273
5 9 3 0.520588
5 9 4 0.192733
5 9 5 0.0316402
5 9 6 -0.0206383
5 9 7 0.0674786
5 9 8 0.347943
5 9 9 0.979465
6 0 0 2.86869
6 0 1 2.42824
6 0 2 1.47883
6 0 3 0.845824
6 0 4 0.446295
6 0 5 0.243898
6 0 6 0.163225
6 0 7 0.26564
6 0 8 0.636221
6 0 9 1.59649
6 1 0 2.46002
6 1 1 1.65968
6 1 2 0.928521
6 1 3 0.48897
6 1 4 0.255094
6 1 5 0.190987
6 1 6 0.251804
6 1 7 0.506022
6 1 8 1.04292
6 1 9 1.99803
6 2 0 1.47353
6 2 1 0.965926
6 2 2 0.393094
6 2 3 0.0867716
6 2 4 -0.0652395
6 2 5 -0.0704309
6 2 6 0.0234389
6 2 7 0.281024
6 2 8 0.710994
6 2 9 1.31904
6 3 0 0.826031
6 3 1 0.483256
6 3 2 0.0824611
6 3 3 -0.148682
6 3 4 -0.263548
6 3 5 -0.265347
6 3 6 -0.188692
6 3 7 0.00628233
6 3 8 0.312956
6 3 9 0.728538
6 4 0 0.451593
6 4 1 0.271548
6 4 2 -0.0674205
6 4 3 -0.26692
6 4 4 -0.391788
6 4 5 -0.419066
6 4 6 -0.392041
6 4 7 -0.267496
6 4 8 -0.0685816
6 4 9 0.268751
6 5 0 0.219939
6 5 1 0.190568
6 5 2 -0.0650224
6 5 3 -0.264929
6 5 4 -0.412495
6 5 5 -0.482249
6 5 6 -0.503368
6 5 7 -0.443539
6 5 8 -0.305412
6 5 9 -0.0195824
6 6 0 0.168523
6 6 1 0.252925
6 6 2 0.0203219
6 6 3 -0.196324
6 6 4 -0.392041
6 6 5 -0.509939
6 6 6 -0.585525
6 6 7 -0.575319
6 6 8 -0.48603
6 6 9 -0.18375
6 7 0 0.245847
6 7 1 0.512155
6 7 2 0.294124
6 7 3 0.00628233
6 7 4 -0.259864
6 7 5 -0.443958
6 7 6 -0.571947
6 7 7 -0.611883
6 7 8 -0.548835
6 7 9 -0.251634
6 8 0 0.630923
6 8 1 1.01972
6 8 2 0.710994
6 8 3 0.299856
6 8 4 -0.0654646
6 8 5 -0.31082
6 8 6 -0.48385
6 8 7 -0.544524
6 8 8 -0.475382
6 8 9 -0.0660447
6 9 0 1.62826
6 9 1 1.99803
6 9 2 1.34225
6 9 3 0.722405
6 9 4 0.26763
6 9 5 -0.0191638
6 9 6 -0.200204
6 9 7 -0.24592
6 9 8 -0.10345
6 9 9 0.457167
7 0 0 3.38294
7 0 1 3.53702
7 0 2 2.40778
7 0 3 1.47771
7 0 4 0.849794
7 0 5 0.472879
7 0 6 0.254787
7 0 7 0.235267
7 0 8 0.537145
7 0 9 1.54273
7 1 0 3.55269
7 1 1 2.88467
7 1 2 1.85624
7 1 3 1.13741
7 1 4 0.716298
7 1 5 0.525406
7 1 6 0.500266
7 1 7 0.705534
7 1 8 1.2845
7 1 9 2.47349
7 2 0 2.40462
7 2 1 1.87431
7 2 2 1.09149
7 2 3 0.585721
7 2 4 0.313112
7 2 5 0.232728
7 2 6 0.291592
7 2 7 0.552025
7 2 8 1.07599
7 2 9 1.90187
7 3 0 1.46807
7 3 1 1.13403
7 3 2 0.582977
7 3 3 0.210817
7 3 4 0.00872889
7 3 5 -0.0454872
7 3 6 0.00866475
7 3 7 0.21068
7 3 8 0.582742
7 3 9 1.133
7 4 0 0.852961
7 4 1 0.72481
7 4 2 0.311889
7 4 3 0.00707113
7 4 4 -0.186799
7 4 5 -0.262587
7 4 6 -0.259924
7 4 7 -0.143965
7 4 8 0.0892386
7 4 9 0.498853
7 5 0 0.460803
7 5 1 0.525084
7 5 2 0.235285
7 5 3 -0.0451649
7 5 4 -0.259105
7 5 5 -0.381315
7 5 6 -0.439296
7 5 7 -0.405929
7 5 8 -0.266405
7 5 9 0.062249
7 6 0 0.257954
7 6 1 0.50092
7 6 2 0.289648
7 6 3 0.00463777
7 6 4 -0.259924
7 6 5 -0.442777
7 6 6 -0.569529
7 6 7 -0.607888
7 6 8 -0.541962
7 6 9 -0.235641
7 7 0 0.225634
7 7 1 0.709235
7 7 2 0.558717
7 7 3 0.21068
7 7 4 -0.139938
7 7 5 -0.406252
7 7 6 -0.606231
7 7 7 -0.715468
7 7 8 -0.702982
7 7 9 -0.411024
7 8 0 0.533979
7 8 1 1.27294
7 8 2 1.07599
7 8 3 0.57605
7 8 4 0.0911821
7 8 5 -0.268961
7 8 6 -0.540739
7 8 7 -0.700237
7 8 8 -0.707908
7 8 9 -0.335662
7 9 0 1.5584
7 9 1 2.47349
7 9 2 1.91343
7 9 3 1.1293
7 9 4 0.498198
7 9 5 0.0625712
7 9 6 -0.244152
7 9 7 -0.407645
7 9 8 -0.353727
7 9 9 0.206128
8 0 0 5.02998
8 0 1 5.43656
8 0 2 3.77181
8 0 3 2.37781
8 0 4 1.47872
8 0 5 0.950715
8 0 6 0.633195
8 0 7 0.568196
8 0 8 0.920672
8 0 9 2.30175
8 1 0 5.46833
8 1 1 4.56941
8 1 2 2.96983
8 1 3 1.89619
8 1 4 1.31161
8 1 5 1.05738
8 1 6 1.02196
8 1 7 1.28832
8 1 8 2.07191
8 1 9 3.79205
8 2 0 3.76651
8 2 1 3.00723
8 2 2 1.80087
8 2 3 1.07513
8 2 4 0.716852
8 2 5 0.626366
8 2 6 0.715422
8 2 7 1.07188
8 2 8 1.7943
8 2 9 2.9914
8 3 0 2.35802
8 3 1 1.89048
8 3 2 1.07082
8 3 3 0.547139
8 3 4 0.286819
8 3 5 0.228062
8 3 6 0.30856
8 3 7 0.581307
8 3 8 1.08709
8 3 9 1.8662
8 4 0 1.48402
8 4 1 1.32807
8 4 2 0.714671
8 4 3 0.283447
8 4 4 0.0251982
8 4 5 -0.0691948
8 4 6 -0.0645276
8 4 7 0.0868212
8 4 8 0.39204
8 4 9 0.962913
8 5 0 0.926756
8 5 1 1.05696
8 5 2 0.631775
8 5 3 0.22848
8 5 4 -0.0626239
8 5 5 -0.224646
8 5 6 -0.303426
8 5 7 -0.266828
8 5 8 -0.0918752
8 5 9 0.352994
8 6 0 0.638493
8 6 1 1.02308
8 6 2 0.712305
8 6 3 0.300929
8 6 4 -0.0645276
8 6 5 -0.309996
8 6 6 -0.48314
8 6 7 -0.543954
8 6 8 -0.475006
8 6 9 -0.065762
8 7 0 0.548403
8 7 1 1.29445
8 7 2 1.08498
8 7 3 0.581307
8 7 4 0.0944526
8 7 5 -0.267247
8 7 6 -0.540582
8 7 7 -0.702062
8 7 8 -0.71319
8 7 9 -0.3486
8 8 0 0.915374
8 8 1 2.0487
8 8 2 1.7943
8 8 3 1.07399
8 8 4 0.395157
8 8 5 -0.0972837
8 8 6 -0.472825
8 8 7 -0.70888
8 8 8 -0.762439
8 8 9 -0.30063
8 9 0 2.33352
8 9 1 3.79205
8 9 2 3.01461
8 9 3 1.86007
8 9 4 0.961792
8 9 5 0.353412
8 9 6 -0.0822157
8 9 7 -0.342886
8 9 8 -0.338035
8 9 9 0.340161
9 0 0 8.97262
9 0 1 8.83374
9 0 2 5.55454
9 0 3 3.54148
9 0 4 2.453
9 0 5 1.87026
9 0 6 1.56674
9 0 7 1.58758
9 0 8 2.20188
9 0 9 4.21438
9 1 0 8.84941
9 1 1 6.31617
9 1 2 3.74801
9 1 3 2.47883
9 1 4 1.94556
9 1 5 1.81068
9 1 6 1.94823
9 1 7 2.48489
9 1 8 3.76018
9 1 9 6.34625
9 2 0 5.55138
9 2 1 3.76607
9 2 2 2.06314
9 2 3 1.28787
9 2 4 1.02634
9 2 5 1.06554
9 2 6 1.32356
9 2 7 1.91292
9 2 8 2.99526
9 2 9 4.62875
9 3 0 3.53184
9 3 1 2.47545
9 3 2 1.28513
9 3 3 0.704699
9 3 4 0.498556
9 3 5 0.523011
9 3 6 0.713219
9 3 7 1.13346
9 3 8 1.85058
9 3 9 2.87139
9 4 0 2.45617
9 4 1 1.95407
9 4 2 1.02511
9 4 3 0.496898
9 4 4 0.247545
9 4 5 0.19056
9 4 6 0.258501
9 4 7 0.497242
9 4 8 0.945426
9 4 9 1.70164
9 5 0 1.85818
9 5 1 1.81036
9 5 2 1.0681
9 5 3 0.523333
9 5 4 0.194042
9 5 5 0.0318246
9 5 6 -0.0215784
9 5 7 0.0651043
9 5 8 0.34299
9 5 9 0.967509
9 6 0 1.56991
9 6 1 1.94889
9 6 2 1.32162
9 6 3 0.709192
9 6 4 0.258501
9 6 5 -0.0250595
9 6 6 -0.202855
9 6 7 -0.244461
9 6 8 -0.0949476
9 6 9 0.481402
9 7 0 1.57794
9 7 1 2.48859
9 7 2 1.91961
9 7 3 1.13346
9 7 4 0.501269
9 7 5 0.0647821
9 7 6 -0.242803
9 7 7 -0.407385
9 7 8 -0.355294
9 7 9 0.201291
9 8 0 2.19871
9 8 1 3.74862
9 8 2 2.99526
9 8 3 1.84389
9 8 4 0.94737
9 8 5 0.340433
9 8 6 -0.0937247
9 8 7 -0.352549
9 8 8 -0.344967
9 8 9 0.332086
9 9 0 4.23005
9 9 1 6.34625
9 9 2 4.64031
9 9 3 2.86769
9 9 4 1.70099
9 9 5 0.967832
9 9 6 0.47289
9 9 7 0.20467
9 9 8 0.314022
9 9 9 1.34299
