0 118681
1 98083.9
2 75559.9
3 59172
4 45910.8
5 35861.6
6 27857.1
7 21747
8 16897.5
9 13190.3
10 10248.1
11 8001.36
12 6214.65
13 4854.23
14 3768.24
15 2945.32
16 2284.52
17 1787.4
18 1384.72
19 1084.96
20 839.081
21 658.81
22 508.231
23 400.242
24 307.644
25 243.335
26 186.055
27 148.099
28 112.367
29 90.2806
30 67.7253
31 55.1639
32 40.6926
33 33.8238
34 24.3343
35 20.8452
36 14.4452
37 12.9429
38 8.4755
39 8.12346
40 4.87943
41 5.17714
42 2.72002
43 3.36973
44 1.42941
45 2.25548
46 0.663571
47 1.56367
48 0.214146
49 1.12982
50 -0.0449755
51 0.853934
52 -0.190063
53 0.675147
54 -0.267196
55 0.556384
56 -0.304165
57 0.475014
58 -0.317699
59 0.41719
60 -0.31783
61 0.37441
62 -0.310549
63 0.341429
64 -0.299408
65 0.314991
66 -0.28649
67 0.293054
68 -0.272999
69 0.274324
70 -0.259609
71 0.257964
72 -0.246686
73 0.243426
74 -0.234409
75 0.230338
76 -0.222853
77 0.218441
78 -0.212029
79 0.207549
80 -0.201919
81 0.197522
82 -0.192487
83 0.188254
84 -0.183687
85 0.179658
86 -0.175474
87 0.171663
88 -0.167803
89 0.164211
90 -0.16063
91 0.157251
92 -0.153916
93 0.150739
94 -0.147623
95 0.144636
96 -0.141718
97 0.138908
98 -0.136169
99 0.133525
100 -0.13095
101 0.128459
102 -0.126035
103 0.123686
104 -0.121401
105 0.119183
106 -0.117026
107 0.114931
108 -0.112893
109 0.110911
110 -0.108983
111 0.107107
112 -0.105281
113 0.103503
114 -0.101772
115 0.100086
116 -0.0984432
117 0.0968427
118 -0.0952827
119 0.0937619
120 -0.0922791
121 0.0908329
122 -0.0894222
123 0.0880459
124 -0.0867028
125 0.0853918
126 -0.0841121
127 0.0828624
128 -0.0816421
129 0.08045
130 -0.0792855
131 0.0781476
132 -0.0770355
133 0.0759484
134 -0.0748857
135 0.0738466
136 -0.0728304
137 0.0718364
138 -0.070864
139 0.0699126
140 -0.0689816
141 0.0680704
142 -0.0671785
143 0.0663052
144 -0.0654502
145 0.0646129
146 -0.0637927
147 0.0629894
148 -0.0622023
149 0.0614311
150 -0.0606753
151 0.0599346
152 -0.0592086
153 0.0584967
154 -0.0577988
155 0.0571144
156 -0.0564432
157 0.0557849
158 -0.0551391
159 0.0545055
160 -0.0538838
161 0.0532738
162 -0.0526751
163 0.0520874
164 -0.0515106
165 0.0509442
166 -0.0503882
167 0.0498421
168 -0.0493059
169 0.0487792
170 -0.0482619
171 0.0477537
172 -0.0472544
173 0.0467639
174 -0.0462818
175 0.045808
176 -0.0453424
177 0.0448847
178 -0.0444348
179 0.0439925
180 -0.0435576
181 0.04313
182 -0.0427094
183 0.0422959
184 -0.0418891
185 0.041489
186 -0.0410954
187 0.0407082
188 -0.0403272
189 0.0399523
190 -0.0395834
191 0.0392203
192 -0.038863
193 0.0385113
194 -0.0381652
195 0.0378244
196 -0.0374888
197 0.0371585
198 -0.0368332
199 0.0365129
200 -0.0361975
201 0.0358868
202 -0.0355809
203 0.0352795
204 -0.0349826
205 0.0346901
206 -0.034402
207 0.0341181
208 -0.0338384
209 0.0335627
210 -0.0332911
211 0.0330234
212 -0.0327595
213 0.0324995
214 -0.0322431
215 0.0319904
216 -0.0317413
217 0.0314958
218 -0.0312536
219 0.0310149
220 -0.0307795
221 0.0305473
222 -0.0303184
223 0.0300926
224 -0.02987
225 0.0296503
226 -0.0294337
227 0.02922
228 -0.0290092
229 0.0288012
230 -0.0285961
231 0.0283936
232 -0.0281939
233 0.0279968
234 -0.0278023
235 0.0276104
236 -0.027421
237 0.0272341
238 -0.0270496
239 0.0268675
240 -0.0266878
241 0.0265104
242 -0.0263353
243 0.0261624
244 -0.0259917
245 0.0258232
246 -0.0256569
247 0.0254926
248 -0.0253304
249 0.0251703
250 -0.0250121
251 0.0248559
252 -0.0247017
253 0.0245494
254 -0.024399
255 0.0242504
256 -0.0241037
257 0.0239587
258 -0.0238155
259 0.0236741
260 -0.0235344
261 0.0233964
262 -0.02326
263 0.0231253
264 -0.0229923
265 0.0228608
266 -0.0227309
267 0.0226025
268 -0.0224757
269 0.0223503
270 -0.0222265
271 0.0221041
272 -0.0219831
273 0.0218636
274 -0.0217455
275 0.0216287
276 -0.0215133
277 0.0213993
278 -0.0212866
279 0.0211751
280 -0.021065
281 0.0209562
282 -0.0208485
283 0.0207422
284 -0.020637
285 0.0205331
286 -0.0204303
287 0.0203287
288 -0.0202283
289 0.020129
290 -0.0200308
291 0.0199337
292 -0.0198377
293 0.0197428
294 -0.019649
295 0.0195562
296 -0.0194645
297 0.0193738
298 -0.0192841
299 0.0191954
300 -0.0191077
301 0.0190209
302 -0.0189351
303 0.0188503
304 -0.0187664
305 0.0186835
306 -0.0186014
307 0.0185203
308 -0.01844
309 0.0183607
310 -0.0182822
311 0.0182045
312 -0.0181277
313 0.0180518
314 -0.0179767
315 0.0179024
316 -0.0178289
317 0.0177562
318 -0.0176843
319 0.0176132
320 -0.0175429
321 0.0174733
322 -0.0174045
323 0.0173364
324 -0.0172691
325 0.0172025
326 -0.0171366
327 0.0170715
328 -0.017007
329 0.0169433
330 -0.0168802
331 0.0168178
332 -0.0167561
333 0.0166951
334 -0.0166347
335 0.016575
336 -0.0165159
337 0.0164574
338 -0.0163996
339 0.0163425
340 -0.0162859
341 0.01623
342 -0.0161746
343 0.0161199
344 -0.0160657
345 0.0160122
346 -0.0159592
347 0.0159068
348 -0.0158549
349 0.0158037
350 -0.015753
351 0.0157028
352 -0.0156532
353 0.0156041
354 -0.0155556
355 0.0155076
356 -0.0154601
357 0.0154132
358 -0.0153668
359 0.0153208
360 -0.0152754
361 0.0152305
362 -0.0151861
363 0.0151422
364 -0.0150987
365 0.0150558
366 -0.0150133
367 0.0149713
368 -0.0149298
369 0.0148887
370 -0.0148481
371 0.014808
372 -0.0147683
373 0.014729
374 -0.0146903
375 0.0146519
376 -0.014614
377 0.0145765
378 -0.0145395
379 0.0145028
380 -0.0144666
381 0.0144309
382 -0.0143955
383 0.0143605
384 -0.014326
385 0.0142919
386 -0.0142581
387 0.0142248
388 -0.0141919
389 0.0141593
390 -0.0141272
391 0.0140954
392 -0.014064
393 0.014033
394 -0.0140024
395 0.0139722
396 -0.0139423
397 0.0139128
398 -0.0138837
399 0.0138549
400 -0.0138265
401 0.0137985
402 -0.0137708
403 0.0137434
404 -0.0137164
405 0.0136898
406 -0.0136635
407 0.0136376
408 -0.013612
409 0.0135867
410 -0.0135618
411 0.0135372
412 -0.0135129
413 0.013489
414 -0.0134654
415 0.0134422
416 -0.0134192
417 0.0133966
418 -0.0133743
419 0.0133523
420 -0.0133306
421 0.0133093
422 -0.0132883
423 0.0132675
424 -0.0132471
425 0.013227
426 -0.0132072
427 0.0131877
428 -0.0131685
429 0.0131496
430 -0.0131311
431 0.0131128
432 -0.0130948
433 0.0130771
434 -0.0130597
435 0.0130425
436 -0.0130257
437 0.0130092
438 -0.0129929
439 0.012977
440 -0.0129613
441 0.0129459
442 -0.0129308
443 0.012916
444 -0.0129014
445 0.0128871
446 -0.0128731
447 0.0128594
448 -0.012846
449 0.0128328
450 -0.0128199
451 0.0128073
452 -0.012795
453 0.0127829
454 -0.0127711
455 0.0127595
456 -0.0127482
457 0.0127372
458 -0.0127265
459 0.012716
460 -0.0127058
461 0.0126958
462 -0.0126861
463 0.0126767
464 -0.0126675
465 0.0126586
466 -0.01265
467 0.0126416
468 -0.0126335
469 0.0126256
470 -0.012618
471 0.0126106
472 -0.0126035
473 0.0125966
474 -0.01259
475 0.0125837
476 -0.0125776
477 0.0125717
478 -0.0125661
479 0.0125608
480 -0.0125557
481 0.0125509
482 -0.0125463
483 0.0125419
484 -0.0125379
485 0.012534
486 -0.0125304
487 0.0125271
488 -0.012524
489 0.0125212
490 -0.0125186
491 0.0125162
492 -0.0125141
493 0.0125123
494 -0.0125107
495 0.0125093
496 -0.0125082
497 0.0125073
498 -0.0125067
499 0.0125063
500 -0.0125062
501 0.0125063
502 -0.0125067
503 0.0125073
504 -0.0125082
505 0.0125093
506 -0.0125107
507 0.0125123
508 -0.0125141
509 0.0125162
510 -0.0125186
511 0.0125212
512 -0.012524
513 0.0125271
514 -0.0125304
515 0.012534
516 -0.0125379
517 0.0125419
518 -0.0125463
519 0.0125509
520 -0.0125557
521 0.0125608
522 -0.0125661
523 0.0125717
524 -0.0125776
525 0.0125837
526 -0.01259
527 0.0125966
528 -0.0126035
529 0.0126106
530 -0.012618
531 0.0126256
532 -0.0126335
533 0.0126416
534 -0.01265
535 0.0126586
536 -0.0126675
537 0.0126767
538 -0.0126861
539 0.0126958
540 -0.0127058
541 0.012716
542 -0.0127265
543 0.0127372
544 -0.0127482
545 0.0127595
546 -0.0127711
547 0.0127829
548 -0.012795
549 0.0128073
550 -0.0128199
551 0.0128328
552 -0.012846
553 0.0128594
554 -0.0128731
555 0.0128871
556 -0.0129014
557 0.012916
558 -0.0129308
559 0.0129459
560 -0.0129613
561 0.012977
562 -0.0129929
563 0.0130092
564 -0.0130257
565 0.0130425
566 -0.0130597
567 0.0130771
568 -0.0130948
569 0.0131128
570 -0.0131311
571 0.0131496
572 -0.0131685
573 0.0131877
574 -0.0132072
575 0.013227
576 -0.0132471
577 0.0132675
578 -0.0132883
579 0.0133093
580 -0.0133307
581 0.0133523
582 -0.0133743
583 0.0133966
584 -0.0134192
585 0.0134422
586 -0.0134654
587 0.013489
588 -0.0135129
589 0.0135372
590 -0.0135618
591 0.0135867
592 -0.013612
593 0.0136376
594 -0.0136635
595 0.0136898
596 -0.0137164
597 0.0137434
598 -0.0137708
599 0.0137985
600 -0.0138265
601 0.0138549
602 -0.0138837
603 0.0139128
604 -0.0139423
605 0.0139722
606 -0.0140024
607 0.014033
608 -0.014064
609 0.0140954
610 -0.0141272
611 0.0141593
612 -0.0141919
613 0.0142248
614 -0.0142581
615 0.0142919
616 -0.014326
617 0.0143605
618 -0.0143955
619 0.0144309
620 -0.0144666
621 0.0145028
622 -0.0145395
623 0.0145765
624 -0.014614
625 0.0146519
626 -0.0146903
627 0.014729
628 -0.0147683
629 0.014808
630 -0.0148481
631 0.0148887
632 -0.0149298
633 0.0149713
634 -0.0150133
635 0.0150558
636 -0.0150987
637 0.0151422
638 -0.0151861
639 0.0152305
640 -0.0152754
641 0.0153208
642 -0.0153668
643 0.0154132
644 -0.0154601
645 0.0155076
646 -0.0155556
647 0.0156041
648 -0.0156532
649 0.0157028
650 -0.015753
651 0.0158037
652 -0.0158549
653 0.0159068
654 -0.0159592
655 0.0160122
656 -0.0160657
657 0.0161199
658 -0.0161746
659 0.0162299
660 -0.0162859
661 0.0163425
662 -0.0163996
663 0.0164574
664 -0.0165159
665 0.016575
666 -0.0166347
667 0.0166951
668 -0.0167561
669 0.0168178
670 -0.0168802
671 0.0169433
672 -0.017007
673 0.0170715
674 -0.0171366
675 0.0172025
676 -0.0172691
677 0.0173364
678 -0.0174045
679 0.0174733
680 -0.0175429
681 0.0176132
682 -0.0176843
683 0.0177562
684 -0.0178289
685 0.0179024
686 -0.0179767
687 0.0180518
688 -0.0181277
689 0.0182045
690 -0.0182822
691 0.0183607
692 -0.01844
693 0.0185203
694 -0.0186014
695 0.0186835
696 -0.0187664
697 0.0188503
698 -0.0189351
699 0.0190209
700 -0.0191077
701 0.0191954
702 -0.0192841
703 0.0193738
704 -0.0194645
705 0.0195562
706 -0.019649
707 0.0197428
708 -0.0198377
709 0.0199337
710 -0.0200308
711 0.020129
712 -0.0202283
713 0.0203287
714 -0.0204303
715 0.0205331
716 -0.020637
717 0.0207422
718 -0.0208485
719 0.0209562
720 -0.021065
721 0.0211751
722 -0.0212866
723 0.0213993
724 -0.0215133
725 0.0216287
726 -0.0217455
727 0.0218636
728 -0.0219831
729 0.0221041
730 -0.0222265
731 0.0223503
732 -0.0224757
733 0.0226025
734 -0.0227309
735 0.0228608
736 -0.0229923
737 0.0231253
738 -0.02326
739 0.0233964
740 -0.0235344
741 0.0236741
742 -0.0238155
743 0.0239587
744 -0.0241037
745 0.0242504
746 -0.024399
747 0.0245494
748 -0.0247017
749 0.0248559
750 -0.0250121
751 0.0251703
752 -0.0253304
753 0.0254926
754 -0.0256569
755 0.0258232
756 -0.0259917
757 0.0261624
758 -0.0263353
759 0.0265104
760 -0.0266878
761 0.0268675
762 -0.0270496
763 0.0272341
764 -0.027421
765 0.0276104
766 -0.0278023
767 0.0279968
768 -0.0281939
769 0.0283936
770 -0.0285961
771 0.0288012
772 -0.0290092
773 0.02922
774 -0.0294337
775 0.0296503
776 -0.02987
777 0.0300926
778 -0.0303184
779 0.0305473
780 -0.0307795
781 0.0310149
782 -0.0312536
783 0.0314958
784 -0.0317413
785 0.0319904
786 -0.0322431
787 0.0324995
788 -0.0327595
789 0.0330234
790 -0.0332911
791 0.0335627
792 -0.0338384
793 0.0341181
794 -0.034402
795 0.0346901
796 -0.0349826
797 0.0352795
798 -0.0355809
799 0.0358868
800 -0.0361975
801 0.0365129
802 -0.0368332
803 0.0371585
804 -0.0374888
805 0.0378244
806 -0.0381652
807 0.0385113
808 -0.038863
809 0.0392203
810 -0.0395834
811 0.0399523
812 -0.0403272
813 0.0407082
814 -0.0410954
815 0.041489
816 -0.0418891
817 0.0422959
818 -0.0427094
819 0.04313
820 -0.0435576
821 0.0439925
822 -0.0444348
823 0.0448847
824 -0.0453424
825 0.045808
826 -0.0462818
827 0.0467639
828 -0.0472544
829 0.0477537
830 -0.0482619
831 0.0487792
832 -0.0493059
833 0.0498421
834 -0.0503882
835 0.0509442
836 -0.0515106
837 0.0520874
838 -0.0526751
839 0.0532738
840 -0.0538838
841 0.0545055
842 -0.0551391
843 0.0557849
844 -0.0564432
845 0.0571144
846 -0.0577988
847 0.0584967
848 -0.0592086
849 0.0599346
850 -0.0606753
851 0.0614311
852 -0.0622023
853 0.0629894
854 -0.0637927
855 0.0646129
856 -0.0654502
857 0.0663052
858 -0.0671785
859 0.0680704
860 -0.0689816
861 0.0699126
862 -0.070864
863 0.0718364
864 -0.0728304
865 0.0738466
866 -0.0748857
867 0.0759484
868 -0.0770355
869 0.0781476
870 -0.0792855
871 0.08045
872 -0.0816421
873 0.0828624
874 -0.0841121
875 0.0853918
876 -0.0867028
877 0.0880459
878 -0.0894222
879 0.0908329
880 -0.0922791
881 0.0937619
882 -0.0952827
883 0.0968427
884 -0.0984432
885 0.100086
886 -0.101772
887 0.103503
888 -0.105281
889 0.107107
890 -0.108983
891 0.110911
892 -0.112893
893 0.114931
894 -0.117026
895 0.119183
896 -0.121401
897 0.123686
898 -0.126035
899 0.128459
900 -0.13095
901 0.133525
902 -0.136169
903 0.138908
904 -0.141718
905 0.144636
906 -0.147623
907 0.150739
908 -0.153916
909 0.157251
910 -0.16063
911 0.164211
912 -0.167803
913 0.171663
914 -0.175474
915 0.179658
916 -0.183687
917 0.188254
918 -0.192487
919 0.197522
920 -0.201919
921 0.207549
922 -0.212029
923 0.218441
924 -0.222853
925 0.230338
926 -0.234409
927 0.243426
928 -0.246686
929 0.257964
930 -0.259609
931 0.274324
932 -0.272999
933 0.293054
934 -0.28649
935 0.314991
936 -0.299408
937 0.341429
938 -0.310549
939 0.37441
940 -0.31783
941 0.41719
942 -0.317699
943 0.475014
944 -0.304165
945 0.556384
946 -0.267196
947 0.675147
948 -0.190063
949 0.853934
950 -0.0449755
951 1.12982
952 0.214146
953 1.56367
954 0.663571
955 2.25548
956 1.42941
957 3.36973
958 2.72002
959 5.17714
960 4.87943
961 8.12346
962 8.4755
963 12.9429
964 14.4452
965 20.8452
966 24.3343
967 33.8238
968 40.6926
969 55.1639
970 67.7253
971 90.2806
972 112.367
973 148.099
974 186.055
975 243.335
976 307.644
977 400.242
978 508.231
979 658.81
980 839.081
981 1084.96
982 1384.72
983 1787.4
984 2284.52
985 2945.32
986 3768.24
987 4854.23
988 6214.65
989 8001.36
990 10248.1
991 13190.3
992 16897.5
993 21747
994 27857.1
995 35861.6
996 45910.8
997 59172
998 75559.9
999 98083.9
