0 401907
1 194446
2 64112.9
3 26616.7
4 8153.33
5 4023.4
6 780.296
7 795.343
8 -93.2043
9 268.475
10 -145.137
11 147.281
12 -113.812
13 100.823
14 -85.6135
15 75.1449
16 -65.893
17 58.469
18 -52.1502
19 46.8337
20 -42.2795
21 38.3632
22 -34.9657
23 32.0013
24 -29.3986
25 27.1014
26 -25.0637
27 23.2478
28 -21.6227
29 20.1625
30 -18.8458
31 17.6542
32 -16.5724
33 15.5874
34 -14.6879
35 13.8644
36 -13.1084
37 12.4129
38 -11.7715
39 11.1787
40 -10.6298
41 10.1206
42 -9.64729
43 9.20659
44 -8.79558
45 8.41164
46 -8.05246
47 7.71595
48 -7.40024
49 7.10366
50 -6.82468
51 6.56194
52 -6.31421
53 6.08037
54 -5.85939
55 5.65035
56 -5.45241
57 5.26479
58 -5.08678
59 4.91775
60 -4.7571
61 4.60428
62 -4.4588
63 4.32019
64 -4.18802
65 4.0619
66 -3.94148
67 3.8264
68 -3.71636
69 3.61108
70 -3.51027
71 3.41369
72 -3.32111
73 3.2323
74 -3.14707
75 3.06523
76 -2.9866
77 2.91101
78 -2.83831
79 2.76836
80 -2.70101
81 2.63614
82 -2.57363
83 2.51337
84 -2.45524
85 2.39916
86 -2.34502
87 2.29274
88 -2.24223
89 2.19342
90 -2.14622
91 2.10057
92 -2.05641
93 2.01366
94 -1.97227
95 1.93217
96 -1.89333
97 1.85568
98 -1.81918
99 1.78378
100 -1.74944
101 1.71612
102 -1.68377
103 1.65236
104 -1.62185
105 1.59221
106 -1.5634
107 1.5354
108 -1.50818
109 1.4817
110 -1.45594
111 1.43088
112 -1.40648
113 1.38273
114 -1.3596
115 1.33708
116 -1.31513
117 1.29375
118 -1.27291
119 1.25259
120 -1.23278
121 1.21346
122 -1.19462
123 1.17623
124 -1.15829
125 1.14077
126 -1.12368
127 1.10698
128 -1.09068
129 1.07475
130 -1.05919
131 1.04399
132 -1.02914
133 1.01461
134 -1.00042
135 0.986534
136 -0.972958
137 0.959679
138 -0.946689
139 0.933978
140 -0.921541
141 0.909367
142 -0.897451
143 0.885786
144 -0.874363
145 0.863177
146 -0.85222
147 0.841488
148 -0.830973
149 0.82067
150 -0.810574
151 0.800678
152 -0.790978
153 0.781469
154 -0.772145
155 0.763002
156 -0.754035
157 0.74524
158 -0.736613
159 0.728149
160 -0.719844
161 0.711694
162 -0.703695
163 0.695845
164 -0.688138
165 0.680572
166 -0.673144
167 0.665849
168 -0.658686
169 0.65165
170 -0.644739
171 0.637949
172 -0.631279
173 0.624726
174 -0.618285
175 0.611956
176 -0.605736
177 0.599622
178 -0.593611
179 0.587702
180 -0.581892
181 0.576179
182 -0.570562
183 0.565036
184 -0.559602
185 0.554257
186 -0.548999
187 0.543826
188 -0.538736
189 0.533728
190 -0.5288
191 0.52395
192 -0.519176
193 0.514478
194 -0.509853
195 0.5053
196 -0.500818
197 0.496405
198 -0.49206
199 0.487781
200 -0.483567
201 0.479416
202 -0.475329
203 0.471303
204 -0.467336
205 0.463429
206 -0.45958
207 0.455787
208 -0.45205
209 0.448368
210 -0.444739
211 0.441163
212 -0.437638
213 0.434164
214 -0.43074
215 0.427364
216 -0.424036
217 0.420755
218 -0.41752
219 0.414331
220 -0.411186
221 0.408085
222 -0.405027
223 0.402011
224 -0.399036
225 0.396102
226 -0.393208
227 0.390353
228 -0.387537
229 0.384759
230 -0.382018
231 0.379313
232 -0.376645
233 0.374012
234 -0.371414
235 0.36885
236 -0.36632
237 0.363823
238 -0.361358
239 0.358926
240 -0.356525
241 0.354155
242 -0.351815
243 0.349506
244 -0.347226
245 0.344975
246 -0.342752
247 0.340558
248 -0.338391
249 0.336252
250 -0.334139
251 0.332053
252 -0.329992
253 0.327958
254 -0.325948
255 0.323963
256 -0.322003
257 0.320066
258 -0.318154
259 0.316264
260 -0.314398
261 0.312554
262 -0.310733
263 0.308933
264 -0.307155
265 0.305399
266 -0.303663
267 0.301948
268 -0.300254
269 0.29858
270 -0.296925
271 0.29529
272 -0.293674
273 0.292077
274 -0.290499
275 0.28894
276 -0.287398
277 0.285875
278 -0.284369
279 0.28288
280 -0.281409
281 0.279955
282 -0.278517
283 0.277096
284 -0.275691
285 0.274303
286 -0.27293
287 0.271573
288 -0.270231
289 0.268904
290 -0.267593
291 0.266296
292 -0.265014
293 0.263746
294 -0.262492
295 0.261253
296 -0.260027
297 0.258816
298 -0.257617
299 0.256432
300 -0.255261
301 0.254102
302 -0.252956
303 0.251823
304 -0.250702
305 0.249594
306 -0.248498
307 0.247414
308 -0.246341
309 0.245281
310 -0.244233
311 0.243195
312 -0.24217
313 0.241155
314 -0.240152
315 0.239159
316 -0.238177
317 0.237206
318 -0.236246
319 0.235296
320 -0.234357
321 0.233427
322 -0.232508
323 0.231599
324 -0.230699
325 0.229809
326 -0.228929
327 0.228059
328 -0.227198
329 0.226346
330 -0.225504
331 0.22467
332 -0.223846
333 0.22303
334 -0.222224
335 0.221426
336 -0.220637
337 0.219856
338 -0.219084
339 0.21832
340 -0.217564
341 0.216817
342 -0.216078
343 0.215346
344 -0.214623
345 0.213907
346 -0.2132
347 0.2125
348 -0.211807
349 0.211122
350 -0.210445
351 0.209775
352 -0.209112
353 0.208457
354 -0.207808
355 0.207167
356 -0.206533
357 0.205906
358 -0.205285
359 0.204672
360 -0.204065
361 0.203465
362 -0.202872
363 0.202285
364 -0.201705
365 0.201131
366 -0.200564
367 0.200003
368 -0.199448
369 0.198899
370 -0.198357
371 0.197821
372 -0.19729
373 0.196766
374 -0.196248
375 0.195736
376 -0.195229
377 0.194728
378 -0.194233
379 0.193744
380 -0.193261
381 0.192783
382 -0.19231
383 0.191843
384 -0.191382
385 0.190926
386 -0.190475
387 0.19003
388 -0.18959
389 0.189155
390 -0.188726
391 0.188301
392 -0.187882
393 0.187468
394 -0.187059
395 0.186655
396 -0.186256
397 0.185862
398 -0.185473
399 0.185088
400 -0.184709
401 0.184334
402 -0.183964
403 0.183599
404 -0.183239
405 0.182883
406 -0.182532
407 0.182185
408 -0.181843
409 0.181506
410 -0.181173
411 0.180844
412 -0.18052
413 0.1802
414 -0.179885
415 0.179574
416 -0.179268
417 0.178966
418 -0.178668
419 0.178374
420 -0.178085
421 0.1778
422 -0.177519
423 0.177242
424 -0.176969
425 0.1767
426 -0.176436
427 0.176176
428 -0.175919
429 0.175667
430 -0.175418
431 0.175174
432 -0.174934
433 0.174697
434 -0.174465
435 0.174236
436 -0.174011
437 0.17379
438 -0.173573
439 0.17336
440 -0.173151
441 0.172945
442 -0.172743
443 0.172545
444 -0.172351
445 0.17216
446 -0.171973
447 0.17179
448 -0.17161
449 0.171434
450 -0.171262
451 0.171093
452 -0.170928
453 0.170767
454 -0.170609
455 0.170455
456 -0.170304
457 0.170157
458 -0.170014
459 0.169874
460 -0.169737
461 0.169604
462 -0.169475
463 0.169349
464 -0.169226
465 0.169107
466 -0.168992
467 0.16888
468 -0.168771
469 0.168666
470 -0.168564
471 0.168465
472 -0.16837
473 0.168279
474 -0.168191
475 0.168106
476 -0.168024
477 0.167946
478 -0.167872
479 0.1678
480 -0.167732
481 0.167668
482 -0.167606
483 0.167548
484 -0.167494
485 0.167443
486 -0.167395
487 0.16735
488 -0.167309
489 0.167271
490 -0.167236
491 0.167205
492 -0.167177
493 0.167152
494 -0.16713
495 0.167112
496 -0.167097
497 0.167086
498 -0.167078
499 0.167073
500 -0.167071
501 0.167073
502 -0.167078
503 0.167086
504 -0.167097
505 0.167112
506 -0.16713
507 0.167152
508 -0.167177
509 0.167205
510 -0.167236
511 0.167271
512 -0.167309
513 0.16735
514 -0.167395
515 0.167443
516 -0.167494
517 0.167548
518 -0.167606
519 0.167668
520 -0.167732
521 0.1678
522 -0.167872
523 0.167946
524 -0.168024
525 0.168106
526 -0.168191
527 0.168279
528 -0.16837
529 0.168465
530 -0.168564
531 0.168666
532 -0.168771
533 0.16888
534 -0.168992
535 0.169107
536 -0.169226
537 0.169349
538 -0.169475
539 0.169604
540 -0.169737
541 0.169874
542 -0.170014
543 0.170157
544 -0.170304
545 0.170455
546 -0.170609
547 0.170767
548 -0.170928
549 0.171093
550 -0.171262
551 0.171434
552 -0.17161
553 0.17179
554 -0.171973
555 0.17216
556 -0.172351
557 0.172545
558 -0.172743
559 0.172945
560 -0.173151
561 0.17336
562 -0.173573
563 0.17379
564 -0.174011
565 0.174236
566 -0.174465
567 0.174697
568 -0.174934
569 0.175174
570 -0.175418
571 0.175667
572 -0.175919
573 0.176176
574 -0.176436
575 0.1767
576 -0.176969
577 0.177242
578 -0.177519
579 0.1778
580 -0.178085
581 0.178374
582 -0.178668
583 0.178966
584 -0.179268
585 0.179574
586 -0.179885
587 0.1802
588 -0.18052
589 0.180844
590 -0.181173
591 0.181506
592 -0.181843
593 0.182185
594 -0.182532
595 0.182883
596 -0.183239
597 0.183599
598 -0.183964
599 0.184334
600 -0.184709
601 0.185088
602 -0.185473
603 0.185862
604 -0.186256
605 0.186655
606 -0.187059
607 0.187468
608 -0.187882
609 0.188301
610 -0.188726
611 0.189155
612 -0.18959
613 0.19003
614 -0.190475
615 0.190926
616 -0.191382
617 0.191843
618 -0.19231
619 0.192783
620 -0.193261
621 0.193744
622 -0.194233
623 0.194728
624 -0.195229
625 0.195736
626 -0.196248
627 0.196766
628 -0.19729
629 0.197821
630 -0.198357
631 0.198899
632 -0.199448
633 0.200003
634 -0.200564
635 0.201131
636 -0.201705
637 0.202285
638 -0.202872
639 0.203465
640 -0.204065
641 0.204672
642 -0.205285
643 0.205906
644 -0.206533
645 0.207167
646 -0.207808
647 0.208457
648 -0.209112
649 0.209775
650 -0.210445
651 0.211122
652 -0.211807
653 0.2125
654 -0.2132
655 0.213907
656 -0.214623
657 0.215346
658 -0.216078
659 0.216817
660 -0.217564
661 0.21832
662 -0.219084
663 0.219856
664 -0.220637
665 0.221426
666 -0.222224
667 0.22303
668 -0.223846
669 0.22467
670 -0.225504
671 0.226346
672 -0.227198
673 0.228059
674 -0.228929
675 0.229809
676 -0.230699
677 0.231599
678 -0.232508
679 0.233427
680 -0.234357
681 0.235296
682 -0.236246
683 0.237206
684 -0.238177
685 0.239159
686 -0.240152
687 0.241155
688 -0.24217
689 0.243195
690 -0.244233
691 0.245281
692 -0.246341
693 0.247414
694 -0.248498
695 0.249594
696 -0.250702
697 0.251823
698 -0.252956
699 0.254102
700 -0.255261
701 0.256432
702 -0.257617
703 0.258816
704 -0.260027
705 0.261253
706 -0.262492
707 0.263746
708 -0.265014
709 0.266296
710 -0.267593
711 0.268904
712 -0.270231
713 0.271573
714 -0.27293
715 0.274303
716 -0.275691
717 0.277096
718 -0.278517
719 0.279955
720 -0.281409
721 0.28288
722 -0.284369
723 0.285875
724 -0.287398
725 0.28894
726 -0.290499
727 0.292077
728 -0.293674
729 0.29529
730 -0.296925
731 0.29858
732 -0.300254
733 0.301948
734 -0.303663
735 0.305399
736 -0.307155
737 0.308933
738 -0.310733
739 0.312554
740 -0.314398
741 0.316264
742 -0.318154
743 0.320066
744 -0.322003
745 0.323963
746 -0.325948
747 0.327958
748 -0.329992
749 0.332053
750 -0.334139
751 0.336252
752 -0.338391
753 0.340558
754 -0.342752
755 0.344975
756 -0.347226
757 0.349506
758 -0.351815
759 0.354155
760 -0.356525
761 0.358926
762 -0.361358
763 0.363823
764 -0.36632
765 0.36885
766 -0.371414
767 0.374012
768 -0.376645
769 0.379313
770 -0.382018
771 0.384759
772 -0.387537
773 0.390353
774 -0.393208
775 0.396102
776 -0.399036
777 0.402011
778 -0.405027
779 0.408085
780 -0.411186
781 0.414331
782 -0.41752
783 0.420755
784 -0.424036
785 0.427364
786 -0.43074
787 0.434164
788 -0.437638
789 0.441163
790 -0.444739
791 0.448368
792 -0.45205
793 0.455787
794 -0.45958
795 0.463429
796 -0.467336
797 0.471303
798 -0.475329
799 0.479416
800 -0.483567
801 0.487781
802 -0.49206
803 0.496405
804 -0.500818
805 0.5053
806 -0.509853
807 0.514478
808 -0.519176
809 0.52395
810 -0.5288
811 0.533728
812 -0.538736
813 0.543826
814 -0.548999
815 0.554257
816 -0.559602
817 0.565036
818 -0.570562
819 0.576179
820 -0.581892
821 0.587702
822 -0.593611
823 0.599622
824 -0.605736
825 0.611956
826 -0.618285
827 0.624726
828 -0.631279
829 0.637949
830 -0.644739
831 0.65165
832 -0.658686
833 0.665849
834 -0.673144
835 0.680572
836 -0.688138
837 0.695845
838 -0.703695
839 0.711694
840 -0.719844
841 0.728149
842 -0.736613
843 0.74524
844 -0.754035
845 0.763002
846 -0.772145
847 0.781469
848 -0.790978
849 0.800678
850 -0.810574
851 0.82067
852 -0.830973
853 0.841488
854 -0.85222
855 0.863177
856 -0.874363
857 0.885786
858 -0.897451
859 0.909367
860 -0.921541
861 0.933978
862 -0.946689
863 0.959679
864 -0.972958
865 0.986534
866 -1.00042
867 1.01461
868 -1.02914
869 1.04399
870 -1.05919
871 1.07475
872 -1.09068
873 1.10698
874 -1.12368
875 1.14077
876 -1.15829
877 1.17623
878 -1.19462
879 1.21346
880 -1.23278
881 1.25259
882 -1.27291
883 1.29375
884 -1.31513
885 1.33708
886 -1.3596
887 1.38273
888 -1.40648
889 1.43088
890 -1.45594
891 1.4817
892 -1.50818
893 1.5354
894 -1.5634
895 1.59221
896 -1.62185
897 1.65236
898 -1.68377
899 1.71612
900 -1.74944
901 1.78378
902 -1.81918
903 1.85568
904 -1.89333
905 1.93217
906 -1.97227
907 2.01366
908 -2.05641
909 2.10057
910 -2.14622
911 2.19342
912 -2.24223
913 2.29274
914 -2.34502
915 2.39916
916 -2.45524
917 2.51337
918 -2.57363
919 2.63614
920 -2.70101
921 2.76836
922 -2.83831
923 2.91101
924 -2.9866
925 3.06523
926 -3.14707
927 3.2323
928 -3.32111
929 3.41369
930 -3.51027
931 3.61108
932 -3.71636
933 3.8264
934 -3.94148
935 4.0619
936 -4.18802
937 4.32019
938 -4.4588
939 4.60428
940 -4.7571
941 4.91775
942 -5.08678
943 5.26479
944 -5.45241
945 5.65035
946 -5.85939
947 6.08037
948 -6.31421
949 6.56194
950 -6.82468
951 7.10366
952 -7.40024
953 7.71595
954 -8.05246
955 8.41164
956 -8.79558
957 9.20659
958 -9.64729
959 10.1206
960 -10.6298
961 11.1787
962 -11.7715
963 12.4129
964 -13.1084
965 13.8644
966 -14.6879
967 15.5874
968 -16.5724
969 17.6542
970 -18.8458
971 20.1625
972 -21.6227
973 23.2478
974 -25.0637
975 27.1014
976 -29.3986
977 32.0013
978 -34.9657
979 38.3632
980 -42.2795
981 46.8337
982 -52.1502
983 58.469
984 -65.893
985 75.1449
986 -85.6135
987 100.823
988 -113.812
989 147.281
990 -145.137
991 268.475
992 -93.2043
993 795.343
994 780.296
995 4023.4
996 8153.33
997 26616.7
998 64112.9
999 194446
